057094230600203007293001000400030178080179500715020000060002003000010025002300091
050400000800000004090000130500090006000040080012030400009003028001050040720000000
005070010900000060700300020000006900090480000020000130010000080000007400000542000
070400500010320084900061000005080029029705160680040700000810007860054030002003040
200800000703020084089061000008109003000000000500306100000690410140050308000003005
003000078000200300000834060700009401000000000502100009090378000006005000480000500
007005000080006000506210004100000000060107080000000003900032405000400020000900300
000400020900003005040007600200038000050000010000910006006800090700300002010005000
010980004000046302000003000080000100009000500006000040000500000805170000900032060
008040100700000645090000070001000900060004008030208400000700030000020000920600000
265834971713925684489761532628149753931572846574386129352698417146257398897413200
016007803090800000870001060048000300650009082039000650060900020080002936925600510