000080079000500600003000285007410000090000060000062700534000900009001000260070000
000000080000710406005200700036107850000000000054603190007001300803026000010000000
030000000000006508086090170020900005070080010900004020061040230302100000000000080
000003716304000008007008000200000400840060035005000001000200900500000104496700000
360820040000004001010000000000070200704203908006090000000000020100700000090042036
028000300000001040705038060200800090004020600050006004080650907060100000001000480
860200000040901003900000070600009080000020000080600001050000006100408020000007094
700005020320040009000007400000162000010000060000593000006400000900070083030600001
000005002072600800000090060604900000009312600000004901080050000007009320900400000
010000000000020003309001580080700100004106300006009040041500706900040000000000090
900804075007600000480000000540010000000209000000070038000000093000001700790508004
380004000605001342000090000400000060000186000070000008000040000162700409000600087
000000000503000067090380012000610020600020004080047000360072080910000703000000000
000000481000010590002008000085176000000502000000489160000800600053020000268000000
730209000549007300000000000000300490200070001083001000000000000007400956000805023
600050000000000948800001002400002010000569000020700005200400003168000000000090006
000045302000000050500089060900300400310000026006002001070690008090000000603420000
005900270009000003700100005000009302100305004308700000400001007900000400083004900
004070580000900400850000009582006090000090000060400832400000075005009000028060900
070003506010500000800000079000092000050108090000760000790000003000004080104800020
070000400004070038500000009100300000097564820000008005200000007410050600009000050
000000000003507009000800715300000960060020050057000004582006000900405300000000000
000000000064002750203065000000037005097000620400620000000950301056300280000000000
000002080800160000001003005680000900703914802009000057300400200000098001010200000
190400000000700830000280000004000307080327010701000900000042000049006000000003096
000004000010000007890001430020067800300405001005210070068700095500000060000900000
702600000030000704608009020086020007300000005500030210070900102204000080000002403
000000100010048007052006008509000000800201005000000609200100790900850020001000000
805026070000700000104000009500800000010000050000009002300000105000004000020680704
000000080010030054000812900001006005050301070700200100003689000480070090090000000
000005000008034009000006870030059020005701300080243090061300000500410900000500000
014600002070009080500200000005090000002301600000060100000007001050100090400006250
000000032700050040043620000009800000018743260000001800000086190080030007190000000
840000901019020000000100820070900100000060000003001050086004000000070490704000065
041805673000001000086000000800100004039000780700003009000000150000400000528306940
000001090000006385000400700008000409750839026201000800009005000815600000030100000
200800000090054000004169003076000008020000010100000950900471300000390080000008009
607004200090801050500000000072500000005000100000009420000000002020407090004600307
008900002407130005190600000900000700010000090004000001000009026200016309600007800
000080300000402050160009002090000040004107900010000070500300068030806000007090000
000000006000106800090740035000000057021050680450000000530061020004908000100000000
300000000001003008000291043260004000050080010000700064670925000400100700000000002
900005736000930010000008500004000070000652000010000200008100000020063000369500004
540600080006050000000000001900084050074060910060210004600000000000090800080006043
000070030002030004509200000000600007004907500600001000000002709300090800050010000
509006300006000005037001480000009530000805000025300000061700850900000100008900602
392080006600000000001000300000305090029607810070108000006000200000000007200030659
257000000000037020800020100000010005418000796600080000002040001080360000000000684
200600580000200000900030020006840009790000068500063400010070005000009000079002003
009007340002000079014003500003104000090000010000908200007500460340000100051300900
012056070690000002400070000070000900000801000004000020000040009900000013060390740
560007000003092706000040300296003000000000000000400927008050000605310200000700084
570681000000007001000900005024000700700000004006000890900006000600200000000173046
706000000008206910000300200009608002000050000600902300002003000063107500000000406
000700090000004200200060071006300008030080020400002500780040005002900000060003000
000009080780004306406080005900218000000000000000765009800090607209500048070800000
629000000001002976070000002000581007007030600100697000700000020392400700000000843
000008000000050140374009002400310005009000200100092003700600354013040000000900000
000000001040079260057020800008700020000000000020008300005060710032180040600000000
500000000480009207230800006000470000020306040000018000300005094802100035000000002
000600000405000290000085000006032005201076803500940600000760000012000308000003000
030000000008070005070034010300400001009368200600009008020650070900080500000000060
075300000000009003306050200000007015500030004760900000008090401900700000000006890
100084570085000000003705000060017000010000050000820040000109400000000860054630001
090000400600081200000000016003160007010040080700039100380000000007650003005000020
500900002030071800800000000013008000980000043000500170000000007004860050300007006
400000000920370005007019000700090080008467900030020007000780500800045076000000008
000000001006304070307820004000000002004538100600000000200017308080603400400000000
000003000000800001070005090008704900210000065006102800050600040800001000000300000
000008610900000000002100507580001000000473000000500063308005200000000004017200000
906200085058106000300000000080307009501000708700501060000000003000708250820005901
000003265500210007800000000290000800000301000008000076000000003300075004724100000
810020006007050000002601000000405020040090070090308000000503200000080400500010069
068007000000300200003000084836029010000000000070150398590000600007003000000600920
100000009060024050008600000020046000095000140000980060000002700050710080700000003
003000802010906000000830710030000005105000903200000040049017000000608090607000500
800005260000040001070006530500000040000904000040000007089400050200070000035200009
190800000053004000002030100724500000000000000000008439007050300000300720000002064
182600000005027000009008200050009870000000000047800030006500100000310700000004356
600209803000005060310700000000000789000000000457000000000003028030600000908502001
100020000002710400005006801000030902090000040508040000201400300006071500000060007
640000017700200036000000200010670000570090083000053040003000000160008005450000068
000000040020078500480005090000000710930040058041000000070800023004320070050000000
000000360000000005050786042040058003200010004100640070420835090500000000097000000
000000000500017006370400500006002400400309002008600300003008064200970003000000000
800005013003940000000208000001000304300090001902000800000509000000076200790300006
000005460004070000020890070210003000800000004000700081050048090000050200096300000
000000000009005006002700593000250000073040620000016000965002800800900700000000000
000009038900000100000010400020045700034090620009720010005070000001000006290800000
700000000403907006005031900320004600000000000008700045002470100600203409000000003
809700000007010203030200080000000408200857006308000000080003050503070800000004902
300000069004008702000304000000001800001639200009200000000103000402800100170000005
000003580009000006810500070100008000007625300000100005060009043500000100074300000
090560100000123008003000000420300010001000500030006027000000900100695000004032060
001020040000768902800000000010000803700010009608000020000000006507186000040030100
006050000543002007700000002060001300302080704001300090200000009600500241000010800
100000850000000002000005317001870090003506700070041500719600000400000000025000003
500046300004007009030000000709500000105000403000009705000000030600100200008490001
000050478005900600400000000006007801080020060702800900000000009004005700159080000
681003000020000800009005000300509400004030100008401005000100900006000080000300574
000032600372000000050400080000200308060040020103005000010004070000000934007590000
065900200000040036400070000080200400630000028007003060000020001310050000006001540
001806020060001500304000000000080042453000876210070000000000203005300090030108400
800940006000020800079000000000004200050792010006300000000000340004080000200416005
000009570590000000004270000201390400000040000003082601000034200000000046012700000
003006070670014000200000361000000580000945000031000000397000008000730019020600700
000705083710000060005000009007800000082040670000002900300000200020000094860204000
300900000009200000005800094900005401010000070604300005420007800000004100000002007
030000000074800510502004800000082007000000000700360000005900602027005430000000080
003006052800000600025037040062390000000000000000085210090120560001000007280500100
000800006000023905305700000000000081023080640540000000000008309807960000900002000
060702490800100002000000300002800000400070005000005700003000000600001004014609080
000002003500310004000070280050000932080050070379000050065030000100047005700100000
100300009604510000080004000001700600090030020003005800000400010000052908900003004
400270600100000904080000030000350000605080703000094000040000060206000005001063009
600590007070600045005000600000060039006050200180020000009000400860004090400036002
200030510000800006030000084306280000000010000000079402860000070900005000054060003
004000000082309004530000000050092030000756000070410020000000068400107390000000100
010500007720300040000090000009000060003809400050000800000050000070008093600004020
200050098709006000080000000103900060000203000040001209000000010000600407430080002
840000290030000060705690100002480000000902000000056900008031506050000010071000032
000000000002064030034700580080020003060309070700040090058003640040650900000000000
000008520000000030005092007200300010006000900080001006300180700070000000042600000
840000500000001006000042300400003860020000050056900007002730000600800000009000085
100000502700042010530000800000965000000000000000871000001000076040750001309000008
500008000030600005006930280000500700040703090007006000021059400800004070000300001
000000305301200740000007690000006059000050000430700000017500000053001206204000000
000540006903070540000000710001000070056090130030000200067000000089060407500087000
053000010407500000010700080000390400600000003004015000040002070000003109070000640
508370020200000080070004300300090800900108007007030009003900050090000008080057603
080600020900100000265790000070000000098302540000000070000043968000009007020007030
400200000093000050001083000000804300102305708004607000000940100040000530000008009
150002400400000072600040090000570800000000000002061000090020004510000003003400059
050010230290000004001008000042009006000080000500600420000700500100000083035060040
300700000940002700061000000020309000100000002000407050000000630003100045000008001
000004070900081400080900600000000012062070930150000000008006090007510006010200000
052001040000060005106000290010008527000000000528400010064000801900040000080300960
000005700000000006060100028003098100010723060005610300350007010900000000008200000
500010260700004000361850000850000000004070800000000036000043621000100008013090007
809004050000000000041620000000007085100000003670300000000013820000000000090200706
000000000085340002940000130800950001030000070600018003079000054300074910000000000
090010053000200400065000280000740600080000030004098000049000360001009000820070040
070000500600049080000800403000001058100205006860300000704006000090150004002000090
000000090500300008091020570000000013000159000610000000064070920900002006080000000
060300000003085061400009020002000058008050200750000900040600005370590100000004030
710800000300010000002005600400360210000107000023048006007200100000050002000004067
910040000002073000030600000051000076800000009320000140000009050000710200000020094
600000000070001509095000030037690080000000000010042690050000270403100060000000003
050912004921000500000000000000001007040030080300400000000000000004000159200187030
040030000800001000076050800604010000005000700000080902002040190000800005000090030
710090006500001000860000002940360500000000000006078039600000024000900005200010083
017980020000600005000000037060001700000050000002700040230000000800009000040062810
540090800000240190008607000200000030007000900030000008000106500071024000005070041
000070036010200007000013000000001903005609700603700000000180000400002070820090000
042100800300080070800560000000003020004000900090800000000019004010020009007008230
000240860300006000026010043209000080030000050050000709680090370000100008012038000
000000040020001000400030608800017500070308020002450003306070004000900050090000000
469200000080500600015000000001032070000010000040670800000000980008006010000008235
309400010000800040000000709250300080400020007030004065902000000010009000080006301
100006920000020060020000178700030600060000050009070002578000030030060000014800007
400050080006008000800470900300700065040000010260009004001047006000800100030020008
700800040064019070090060000007040008640000013800090400000050080020170350080002001
300000080020984010040000000002570000600030005000062900000000090090826030070000001
605000009014020000000006700000570300500000004007093000006400000000030180100000206
000317009000004705000200010009000024870000091250000600090001000506900000100763000
700308020080260000000079380038020074000000000420030960094750000000082090050903002
705004000093500000000006015137000059000000000980000471850900000000001580000800304
000000000050001800120004065003710040000080000090053600560100097004200030000000000
100002080004050000730001240060820000000000000000049050059700034000010900010200006
100000807020001590000250010500002100000080000002400003060097000057300040203000005
750002800092460000300010000520000100900000003008000029000080006000045970009300048
000030000025090030090008075047800001002000900900006750250700060070060480000020000
090007320624000500000080009002000040000109000070000200200050000007000465058600030
005200000070400005040500820100008750000000000068900003032005060600002010000006400
300005690070000035509600000000092400000010000006830000000001703790000010035200004
006700000003006000000801976300020040042000350080070002639407000000900100000003700
006800003480000027102500800000209000000030000000107000007004208910000074600008900
346079208050000340000004006014500000000000000000006580200900000081000090407260105
400000800000030074075800000300070009000625000200040005000002410690080000001000002
210007000049600070060000400005089030000010000030750800007000060090003780000200093
000435000006700015050016700608000050007853100090000208002390060960004800000568000
569830000000002090003050000734000000800070009000000637000040500010200000000093218
000000004000803901390540800000000210004658300075000000007029048109405000800000000
310200079090000006000000400000062058100050004860710000007000000900000030240009017
000730100000001027270500060316000000800000006000000573060003091780600000003075000
000840130002091040000007002070000301030000080804000090200700000090250400068014000
000070036001002705000380040000620900000000000009043000010038000208500300970060000
000003801000000042203007900009670080000000000080019400005700104940000000701200000
000300009803040000050200007000000054970000082430000000300001040000080706200004000
009630487000000000070040060005300008000892000600001700030020070000000000798064200
010000000800000062026000840000290054000538000250046000065000970140000006000000080
700102600060040010451000000000008020002060900040300000000000861090030070004807009
350000009849107200002030000035000000100000004000000710000080500007304621900000043
050000031304000002000580400010850000020409070000032040001078000600000703940000010
001070000090506008002008009000087903070000040409630000500800200200305090000060300
030007800004000003520460009000000035080945060470000000900038072200000300003700090
450020070007800000003010000000008062800060009270900000000040600000002400040050081
027960800006000000100083607009100000000839000000005400204370001000000200003012540
010004050704850901090000000006000000079030810000000300000000040805012709040600080
850060000000000200002378000070009034008000500240700060000193700005000000000020096
406100007000000020010805060600000159000040000893000006060507010050000000200004805
700058300003120008200000000000800030098362540020009000000000004400031200006290003
700050000010200900206003800800009650000000000021600003002100507003005010000070008
002004006006200500903060000027400000800000001000001320000050107009007200200900400
574000920009506004800000000000408200008030400007109000000000003300702500096000712
001704000000060500520010000000000049092070830830000000000030075004020000000108200
500039000007200010084600000000000608090040030203000000000002860060003700000410009
003705069050000000014300000000030800040521030005060000000009250000000070570102900
008700005000001680004850079080000000900010003000000010870062500019400000200007300
600000200002306000050092708020610300060000020003025010406570030000409500007000009
094001070000045600510000000103700260000000000029008107000000016006510000040900830
000087000200000005001405703816030070000040000040070561903206400100000002000750000
050000020000003000006010950860090000001584300000060078049030500000600000070000060
030400008620070000004300060000001690000247000078900000050004900000090056100005040
007020000800600005000905026048000000360000078000000310710209000500006001000040900
050014000000000006908560030007240000002000500000081900080059607300000000000420090
600000000000000820040320056307860005060000080500079203280054070059000000000000002
000000000008400031403900006021708064800090003730602180100005307350009400000000000
080009300002070105900030040000810002004020700200096000020050001401080200009100070
040020000080300000000091204002500003130000098700003100503270000000004010000030060
070050000400900001008240003800005700240010058003400009300062400900004005000090010
504209307007000000100006000000007085009060400820400000000600003000000800906703204
500000300700300000006980002600840001002030800100076003800024700000008006009000008
009007036600031900500400100042000000000010000000000790003009004006840009490600500
000000200000806059080030041009325080000000000020748900340070060890503000001000000
508002600400506000000000090005001069106050207780200100050000000000608002007400306
000649538008002000000700004070090000802000609000030020500004000000900100613825000
050104090000200000300000008006001085700408009580300100600000001000009000010805070
100400000006030904040000058410300000500090001000002087370000060905080300000003005
009000000670050009010000460300600970006705300021009006094000080800030054000000100
100700500000102008000469107510000000003000900000000073908536000300207000007001006
000000700009050000067281000096400002001805300300002460000948270000010800004000000
907000840200000000004006009700910084018705690420068005600200400000000008043000201
010500000009038640704609000000800006007000400800003000000902304096410500000005060
001000090000000000508700043007503006005020800300401900760009305000000000010000600
705603200000007030316040080100074000000000000000950006090060354050700000001405908
030400001920000060004050093000040800200508007008010000860020100040000029700004080
000000080430075190900000500010036400300010005009750010004000001087940052090000000
400070000000006300080029005004000108300612004105000600600280030007500000000030001
000800049008300500020060001706001000000000000000900403800040050005007600910008000
291400000057000000000070003700002080009050100030800006500030000000000750000008319
000002500430000090600000008000340200004508700006071000700000003090000057008100000
370890000004000039000001070400005200030609080007200003050400000760000300000068025
700056810108700000060000002637800000000010000000005237900000020000009704073280001
078930000000000007645100000021000050300040001050000240000009375500000000000073120
000805047000000500045200000610000090029030750030000086000009420003000000960503000
150008023024009000000070000000004030072090450090800000000050000000900560710600094
002040050460000007000081200097860002000010000300027960004190000500000096080030700
705000080600300000000004650026507300000040000004103760037900000000005008060000507
000000400720409500405060000600000903500301008802000005000030204008702059001000000
250000800000500060070006000005002307001030600408700900000300010060007000007000082
030064278700500000000000030006000005090602080800000600010000000000003001364120050
085000000000907030000000402950001000201503904000700061804000000020309000000000190
000420385000000004050007910800006000040958020000700001073100060100000000625074000
200000700054000003000208059700005400009070500008300001340107000900000310007000002
543200601010000008800000030600082000002107900000460002030000006100000040709004813
500200000930100708080037000005406000600090007000802300000940060109008034000005009
050200030100006070006000050000308700068000410005602000020000300090500001030007020
000300674300002008000000300200007500004908200008600001005000000100800002742003000
840503090000000030137000400003009004500604009400800500004000672050000000010407058
906000000020750040050009300102400000000602000000003708009800030080027060000000104
800005000000107000002640000730900082980000016520001073000069100000802000000300008
100020005542000090000003000000100800805070206004002000000900000030000128700080004
100200830003500000000003600050318200600000003002695080007400000000002900019006007
000083200013020400850000060700006300000000000001900007090000084007060920005490000
070090002204080900000000470382900000009132600000008293027000000005060108400020050
900014002000025600000900100008500030070000090090007800002001000007460000600230001
000023470700000000004810200070000002046905380300000040007082100000000009018390000
640500007800704390070009000085000009000070000400000530000800010028103004100002083
167580002090200007000300000000009034904000206370600000000003000700008050200051763
010020030009000000000174900630240091000000000470035068007683000000000600020090050
001000000530000609000850010180040305020090040405010092050062000704000026000000400
600900080007300600000010000200000890300608004018000002000030000006002700020005009
000000900800052070529000800002100007010406020300008600005000238030840005001000000
020080590000003000870000100040025080900148006010630050004000079000300000091060030
205061000000000070008495160600500030000000000090002001089354700050000000000120805
400008050570940080008006000000094000013000540000230000000700400050061028020800009
001028090007000000060003010006002074080305060270100800010800050000000700040260300
002804600076000000100030020040190000001476300000023090060040003000000960009305800
000000047597006000030100000051800002070000080300007590000002010000500873460000000
020050080040600035500900060002706100000000000009401700030009004810003020090060010
023100740500380000049000000000007001607000804400500000000000420000071008084009310
902000010003029070410800002028570000000000000000081520800003065030650800060000203
050030000006000485001605000000800009460010073700006000000109800184000700000060050
000089063600000720092600000730040000000803000000020034000005340045000002960470000
831000000000001005002000039000400058600509002520008000160000300200100000000000941
850130400000082006000000000006200001502060908300008200000000000600820000007053024
000080002500600700040000150026409800030060010005307620059000060003005001800040000
108050060940100002000009800010000000502090706000000090005800000800007024030040605
400010006039200000006903010903000780800000003057000409090804600000009170300070004
341000000000020900700603050900700600060030010005008007010806005003050000000000842
000000000000002580002784030093026740000070000058140690070568300035400000000000000
405073000000005067090040000070000003084702610900000080000020030120800000000360802
400036090006000000000005610000092870067080130028760000085200000000000900040670005
000008032000000080608037000005640010300000006040025800000890301030000000950100000
000008520000950013004000009005082040006000300080790100500000700840029000061500000
100900086047080530000000070200067900000000000001250007080000000014020690530004008
000030271025008030000004009070090008000000000400050010100900000090300750253080000
007300000039800040481070000000003002300080001900400000000050274060002130000008600
109080654000506000000000009900008305067000920805600001700000000000904000294060803
806000930002000040007983000000897000200000001000124000000631700080000300073000105
400930000090804200003700400908400020100000004020007903006009500009508060000076002
000040092065000070000720600000672300000000000003518000001057000090000780830060000
200006900004700002009010067040905006000000000300107040710080400500002600003500008
000040905705100000600000070037608000001405300000302780050000009000004103903060000
600004100100730800000200300000000481510080029984000000002005000001072003005300004
024900870050040002807100000000500000600274001000001000000005309200060010065009720
020000000009006005036501920961000000050070090000000183014307850800200600000000030
004012000007050430309800020463000000000000000000000914030004205042070100000280700
000050006004102500000080730910270000000000000000093085075060000001508300300040000
192005000057030000800000000006027009010090060200860700000000007000010350000400826
380594600000000000010083200900006100700050003003800007006170090000000000004365018
109007080030000010070084000700062000002000900000730004000820090010000060080600502
000800390000030021300092408213500000000000000000003517906740003480060000037008000
908016200002000003400020009105940000000000000000031804300080002600000900004160508
080076900270001000001000002050019800000000000008450090300000400000600071004930020
005809034400000000090005002540001200000000000009200087200100070000000003730604100
306800075720005000050020009040000650600000008087000010400090030000100024270004906
107000000800095040400003000000006027001080900520700000000800002090350001000000803
003200950000000030500047002001030040602000109090080300300470001010000000076005400
000001090200040000016900023004850000020603080000014200490005630000030001030100000
309070500010000004000800360903407000040000050000902407091005000600000070007060801
001500000000304000640000070069000027200703005370000160090000046000905000000008700
000000590005300002729008000000000380000465000091000000000700214200003800074000000
201000060903010504000200000000080050087503910010090000000004000802050706090000201
000008647000074010200000900030000006002801400900000080007000005080610000613400000
000050967500026000003700000001030050350000094020090100000004500000310009239080000
095003004000000715004000000900070000036080570000060001000000100483000000700400260
243960000000000000000024056700000060406509102010000008570830000000000000000097415
060007300010090640030060107050806004000000000300902080203080070076050030005700060
600070900000001602093500004350000800000408000009000046200005490906200000001080007
000008003000000700007290016100000047004165800960000001510086900008000000200900000
000000068600005400390800002839004005200000009500900136100008024003600001950000000
800706000500000300009001060205000480700000009094000602030500200002000006000903007
200080000040509002000706040039000005080010090700000680050807000900102060000090007
040001500150030008000700100060084050000060000020310070001006000200140095009800010
000108700004006002000090061470900000009030500000002097510020000300600100008509000
000003480000820600000060071100000020600701005040000006210080000006039000097600000
350200000900006000061580000003000027010070090840000300000042810000800004000005062
300600480600000009059003000000007008042000930700100000000700260900000004076004003
000004000037010408540890000000000006008305200400000000000051087203080560000900000
760009001004072090059000000000001062000508000310200000000000610040620800600800025
000580900308910070000006002009005004000090000500600700900200000040079806001068000
802300000060000000005004800300081054900705001650420009006100500000000030000007908
016080300382000000000390000001004000760050024000700800000076000000000573004030190
100000000006700003009205080000070002037020590800030000050607800900003400000000001
001074000079610002800000000040008000020953060000700010000000008600021340000380600
461000000000050000509004080050970000980040061000086070040800503000060000000000246
009020500000170000000005042600000730300687009097000001210400000000016000008050300
046000200009687000000420300000000081003914600610000000008071000000369800001000790
090600810007004050000950004340000600000020000005000071800093000020700900059008030
200040000003890000000006201649100700050000010007009846705900000000015300000070004
600000800080070003002580670050206000008907200000408030071064500400090080003000007
546120000000000000030076200050902007700030009300701050005490020000000000000015674
500206130300000090000005007020300000608040905000007020200500000010000006059803002
052700000000000790700090026600009000090602070000100009240080001013000000000006540
010609030009140600000000008090080006060405090200016070500000000001063200040801050
030800000000509083800000100001070000709060805000050400002000009590107000000002060
050012700000080300004050068010005000030040020000800050360020400001030000005490030
000008319000970040200050700300000020005000600090000004004010008080043000921700000
070003500409005800000010000008000051705020408290000300000070000007900105001500020
000000003000046290500830000050600009430208061700004030000085002045120000900000000
800000000194003000000017900001690400070841050002075100003760000000500736000000004
907860030068302000000000000100600070006781900080003001000000000000108350020097104
040000039000020070509000000000043067004509800650870000000000204070090000190000080
080406790000000000004800020050007940006090300071600050060005400000000000012709080
002096700000400362008000000650008000000010000000200035000000400146009000003140200
800200000090000046100640003000096000060408090000170000600012009270000080000004005
025000000060090050003070106002930000050402090000081400504020300030010070000000210
100704000020008100050010007640000000008090300000000018400030020006400070000602003
500039000900005200030840600097000300200000009008000720009014080003500006000980002
060007000300400010148950000000000002410070089700000000000019278080002006000600030
500000204000509000314000050000005001205708409100400000020000785000803000801000002
007002090000910056900008200016200004000000000300009510003500001670023000050700600
209001007050064000000000020000380004001000600900026000030000000000590070600400803
176004500030000400000000067000509000015030690000802000390000000001000040008700325
900780100470009003005000000650002700020806030008500046000000400200900015003041007
126980000800040100097030080640009700000000000009400068080090450001070006000023891
006000000000700089570600043090000000005931800000000070850009024120008000000000300
003400005070000009018005002000650200000201000002049000700500980400000060800003500
102040000000800050800002103031590800000000000005078610706400001020009000000060408
910000005070000040500006080000020700780604039009030000020100004030000090400000027
000000306000007080030082090670100000001734600000006074090820060060900000307000000
709008430460900000000040000005000020046080590090000800000060000000002041084700609
009400007070800000000003260000004501002010800501300000086900000000006030900005100
063802000010430000590007000001000007050000030400000600000300074000074090000901380
008700000325900000000035000100060570560000084032040001000890000000003465000007900
000062000037000000402000010923004605000050000504600283090000108000000530000190000
090570008007080000000900400065200007040000030300008240002007000000090600600032090
600320000007090020030801700006003070200000001040200800004502030020030100000064005
074320008500000000009004000600007094001000800450800006000700900000000005900065310
080070294917000000000005007160004000000861000000300069300500000000000972294010030
010762000000010024520000000000600003064328910300009000000000056130050000000296070
000000009002800761006700040200060070009050100070030006080003900627001300100000000
000900056042030000001700030060000500305847601008000070070005900000080760280009000
001090080000000905050680000000075690086000450092160000000016020208000000040050300
045010000090000028280004000000050600400706009009080000000500032370000060000060810
092003400803700005700000090208040000050902040000080702080000001600005804005800630
030010006007005000250009000062000900010050080003000650000700045000300200400080060
070310008500000000008090402300000900050070020001000006207040500000000007900083060
053000000200060070690001040000008300720030059009600000010900036070050004000000290
910000008608000010002308000000026057000000000240780000000902600060000804300000091
000000060000780400008612030060900008700856001900001040070123500003068000010000000
000005000020090030060002098000041087900000001740520000810600040090030070000200000
000103008790040600004000090000456007060000040400921000080000200002080013600205000
480165000000000050300070100000027501078090230103540000005010003090000000000259017
700000000040200150200400090002105000019070640000806700030004002027008010000000003
710506080000000005065400090000200030008040500030001000080005460100000000040107053
000003140000020700270060038056147000000000000000286450530090087007010000062300000
000001240800600090000904001109000050740000016030000904400506000050008007062100000
005000060063012400004000010000093002009020300400760000040000800007450930090000100
560910040029300001000082009100400000000000000000003002600150000200009130010038096
046800023100000000059000040403100500007090100001006309010000290000000008960008430
000000020900057034003800900008300000100609008000005200009003700850270009070000000
010008000735601800900000000000003100360107054007400000000000006004309587000700040
007800020906000000080609001500070000000201000000090006100708060000000502040002700
000001850007000002800049060980000000000728000000000085020690003700000200049300000
008045001000090280000200000057400098600000004840006520000004000062080000500710900
073008000100007006000042070020064030000000000010730080030890000600400005000500340
400000000600024090700001600007900800050060030009005100001200008030810005000000002
000500200040906000008000630700060020000391000090080005017000800000603040003007000
010620300090400017803000000020000900000207000007000030000000103970002080006054090
000000020000030008143008006090070400007354800002010060900500673300040000050000000
008002900000000010300109500200000468004020700563000002002508009030000000001700800
000200306000000040000060519910006020700090004020500097893070000070000000204008000
002067510950001000060500000690000000200604008000000072000006030000300057037490800
000000160304000780050800002000640009020050010900023000100002070075000603032000000
001000000530000706609030024006700002000492000400005900150040207802000095000000800
235400000096130000000007000540000010001000300070000086000700000000014690000009241
600300070009070500000460208400000087000147000160000009803094000006030800050008006
003000000400068100090045030010000008906000507200000040050120070002780005000000600
050000003000670050703200000509038000082000190000520308000002906010056000900000020
490030008051008060000040001002006000105000706000400800500070000020100940700060085
000200600910000020500036000000007360300010008054300000000850001070000084005003000
004090002060002700000875000980000004500020009100000073000619000007200010400080900
090060000105900400600040009000000008027408160500000000800050004009001502000080070
005107040010093000697400000000000409000234000506000000000008315000340060030506800
040500000009032040706000000000007204064080390807400000000000806090710400000006030
000000704000003060302900001007145080000000000050836400100009507040600000809000000
006000040000048200030092006953000000080000030000000495100360080008420000070000500
600800000904000710500140900140007200000000000009200031003026007061000804000001003
000080061059700000000500080300900640000000000065002008030007000000004830790060000
506004903210000060000000040450306000000070000000905037020000000030000081708500609
800000007029040000030081400053000690000090000071000540005970010000060930300000005
050020070000500910004010023600000700080432060002000005730060200025007000010080050
000803610000015000051000800400000080106704509080000004009000250000390000012506000
000000800003800060710000003406012009900050004800490301100000035020003900004000000
050003084100000000002050007000069038060070090890520000400010700000000009670900040
000800600200039000390000082010020004008000900400070010720000093000250008003004000
005001829180000000000086000050000370604753902037000050000140000000000095329800400
804090070750000020001070003000007050000548000080900000900020100020000034070030602
002000061700001500000960870070003120006010300031200050057039000003100005810000600
030000049472003000000070300005700430000201000096008100003020000000600891160000070
060920040000005070000010902800540600950060023006092004507080000080200000030076050
000000006000017200050000780070004003020938060100200090035000070009380000200000000
000630002700000003300000160006020090920106074040090200078000009500000001600048000
000286000400000006000000850250610300003070400004028069026000000900000004000937000
000020005006400083500800001354000100000000000001000759900004007180009300400070000
502040030348000000700800000260057000000961000000280016000005002000000357070020104
000003000500700003000840097100020080005608200090030004410062000300005006000400000
710260003025800001940000000067000000000302000000000810000000068600008350800095027
001000009020001068690080700040302005000000000500809070002010034310400080400000100
603004080000609240002035000300000020069000430020000008000190700017406000050700804
010800079086900003900000000000005400804637102003400000000000005600009320540001090
070102400000060002002800096901000820000000000086000709450006200100050000008704050
090031000810700302040600000000000071950060034270000000000005090107002053000810020
096085700000630000010009000001004206600010008207500100000300050000028000009450810
520007000300050928000060000640000000200809006000000045000010000436070001000400093
640007900008000060900000002170098030200050009090320017400000006080000300003100098
600000008970002000084000020010700005800951004700006090040000910000100047500000006
007000300000007418150000000700290064005060900960031007000000091296800000001000200
009263010028014000000000000056020140010000060094030720000000000000390650060851900
000003080008050732030000009006800000000196000000007200700000010649030500080900000
070083290300000140050900000060700900000010000008002060000005010026000008091830050
290800000004000600000040072070400016000561000180002040510090000003000100000005027
400006830300002409080070000027000001000030000800000650000050040708100002015400003
100000840900010000043800000050096000004125900000380020000007450000040003069000007
618200090900800001002000800000072508000000000204960000003000400500001002020005917
000000300200000008905480700000057006067020950800630000002093807700000002008000000
170006900095010080000000000000100075009030600230008000000000000080020740002400053
700400215010700000400005000030060007600302004100070060000500002000001090964007001
700106004009000000000005017650400070300090006090001058560200000000000700200809003
904800000020000000370001090147080003002030700800070146050400032000000070000003405
020000000040912300600040000068700001200090004500001630000050009002369070000000020
071004006000000000000018900004070009692000378300020400006180000000000000200400530
020007030539000000000080000006000052003516400890000300000090000000000964060700020
573000800200000000000790001000007006104020307900100000700038000000000002009000143
000900204000008031800002900028003090000010000010200460002500006790300000603004000
100024500050030017080000009206000000000568000000000703300000070520040080008190002
204350000000010002005040090000000203050274080702000000060030700100020000000081409
086007000000630000020000630402100000001060500000005109073000020000081000000500910
700000000059300020206900401095020006000000000600080390308007905040002160000000002
700002900000000000420930000208050046030104020140080507000043065000000000004500003
001200000300007400500038009010000008903080207800000010700620001002800003000009700
000000050005920000200540900017003600600080009009600430006019002000067500080000000
680700450000010006430008000010000607060000040304000020000300092800050000025001068
000000096000780001403000520009020013060040070280030600037000104500013000810000000
810000000040903200003000001065089000000106000000270350900000800007805040000000029
680300509070900000005600000050870006400030001100026050000004800000008030804003025
000380400000060150000004063300009000970000018000800006510400000098070000004026000
120680000000300000706004200350100080001040900060008021005400103000003000000051092
200005834010090000860000001000900000070461020000002000300000049000050010921300007
250703000709020031000000070000910002100000004800057000020000000370060408000508023
900020005040000080800000030089270600701593802005064790020000006090000010100030004
500800000007000690900640002600090800070000050002080001700064003051000400000008005
000000050700001283004006071059004000000010000000600420270800300918300007040000000
030090080080600021000000000003805760400000008065401300000000000720009030010050070
500700080700400009000009020000096100910548062008170000050800000400005001090004006
025071000003040000098600000070002006000714000900300010000007150000080400000130870
093200007004053600507010000000600730000905000075002000000020401002340900400006370
731000690009000003450000000000240069002609700590071000000000026200000900013000487
003075000094800000007002000012009030080237050030600280000300400000006170000790800
002500007800130000500086001106000040000070000040000306400720003000091008700005900
000003058000000930000901002000370800600402003002016000900705000026000000580600000
020800069006070001105200400200540000000000000000067002004001207500020800780003010
000020073009004002000100400002910004010000060500047100004008000900300800160050000
000970020000005901800010000008600072590020014470001300000060007205700000010059000
600009000000700804000002030800051006020000090700940005040800000103004000000600002
000005801030100005205400600056708000000000000000609450001006304600004080708200000
102000049987420000000007000054100000090000060000003950000300000000068421420000603
001000000040086210390000000008207060200040007030809500000000092024690050000000800
000030109060100000008204300080900000012403580000002010001307400000001070407090000
005710008900008600800006000010004006004070100300500070000200005007900001400063200
407083060390004021000000004000001600000020000005300000700000000180600097040910302
408201030005300000000090000050000003790456021100000090000020000000004300020508709
090002600003610000040800001005720008200000009400081500700005010000048700001200060
010000700403750016000030080300000021000804000720000008030080000860015907007000060
400001000610082070000470200082006040000000000060100390008065000090310068000800004
001740200300200740000001090008057000070020010000310600060400000094006008007082400
000000307003210050025000000060001045007596200350700080000000590040073800108000000
000045970008000300000382005000000604070050090803000000300961000006000100014730000
000000000020300050700008320076203000048765290000801630061400002030002040000000000
008009060694000000001700900200560000080070050000083007009007200000000391060100700
000084700094000500006050902200007000000208000000600001103040800009000130008320000
201005090940307100003000020800030000000206000000050004010000800008609045050800609
027000040000009100003800000008004056405000901360500800000008600001200000050000410
000000009000852001005400800850940060010030080070085094008009700500368000900000000
005000007000900853000502410050800001002741500100005030039204000428009000500000900
400236070060700000000050406200000300070302050006000009701020000000008090050169002
629000700300000090000800006500200010800070009010005007200003000050000002006000435
020510000015006300704002000069004003000305000100200760000400506001600870000057040
080002004003000090907830100070300000506020703000008060009057402030000800700400010
500060000002009005003480000040000010036107840050000090000034900400700600000090004
000000023010200907700000600000480500068701390007023000005000006601004080290000000
000000003000806050870001600200000040400927008080000005007500064050402000900000000
000301004403000910108002000004000057000000000970000100000400503045000609300709000
190063002007000018005200000000000603500637004406000000000005800750000900800910037
000704080170000050000006307900000870600040009041000006403500000050000063090803000
000000305000003240263000800000650004075080920300024000008000452052800000604000000
000003170050700008870150040500001200090000010007900004010095083600007090045300000
000005004073000020005004170048090000500000009000060530081300700050000390200800000
000129006900000500010000070057302900802090607009708320060000090008000005500984000
902007000000651000600000041020000007007914600100000030850000006000168000000300102
000079840002600003040005000000006021003802900120400000000900070600004500084520000
000007095000000830400590002000004100520000049001800000100069004069000000380700000
100002800000000005060090030000560240001000900047023000090070020500000000008300006
000000000028300500060250007000000320050867090014000000500079030002003740000000000
092800060807401000005000000000020405000504000408030000000000200000603709060009840
006901000200000000004000301093100008008627400600008170305000800000000002000702900
080000003052130400106000000000050129005000600268010000000000801001027340800000090
030070002005900000006800070500000009070195080900000004020006100000009200600030050
000708620000060000008100900200007430084312750057400002002001800000020000016504000
080002000400001000057860300900080400003000600006040007004056910000900004000400050
980000000046500720001069000000000370007050900092000000000410200059002410000000087
000803046500000700070000008000009060621000937030600000300000020005000001740108000
580300000300020000072006030203000008000793000600000903060500320000080006000001045
080000700000006045000059001040300907700691002209007050900560000570100000008000010
000001000006500001451000090305800900008403200002007103070000426500006300000300000
000000000382061050540903000000000204000692000603000000000305049090720385000000000
700013000000008002030000076140030205800000007306070084270000040400500000000920003
015803200870000004000060000000600100300781006006009000000020000900000053001305620
080000000000103050000027310002016500038070960006980200063750000090408000000000040
004180503300000000080042090000006070906070302030900000020450030000000009403069700
050000000700000064030490000091704000004329100000806940000047010540000007000000080
000040010015080403300009000000760008706000901500091000000400007108020540050010000
080069340000000850000000006002900008001248900300005100800000000046000000075480060
025008000004102560380009000200000600010000090007000005000200056059801200000300710
070810005009000000001549000400000100023000640005000002000173800000000300700024060
060009704700040290000000080001024800040000010009130400020000000076050001504600070
057040000000600009030001000300004700261000845009200006000300020400005000000070950
081950030000000010600800004007060082000000000140070500700009006010000000050086970
000008009060050008008000100005004090640593087080100500006000900700020030400700000
750002300100040000009300006000000401080000090305000000600007500000010002001900083
500000000010000007762000850090430500040809020001025070078000692900000080000000004
610005030097020000800000500000002008004060900100700000006000007000050120070400059
701000800004700006008005090100020005000517000300060007080600500500003600006000408
050080060000000000709400803900100280003050700021008009308009504000000000090010020
036074000004100000020500000940000700803000206007000034000002080000007900000380650
000500800000000009000071206710003080002040300090100025506280000400000000001007000
000000000500340060430805000070900014054010680310004020000201036080037002000000000
000000007000030890590200030050004120008000900021900080040002063039040000100000000
450300720000000000036002900002091508000705000507820600001200850000000000025008017
007000005090100002350020000000007391000403000731800000000030064900001050400000700
090700800702500300000000009030040107080000050409080030600000000001006403008002060
000000400080740010009085062200000000350000071000000003820470900070026080003000000
000000050080005904005296010500300700010000020008004006050927800309800040020000000
806020003000000070000001520023000008900406002400000610047500000080000000500070204
706005000020000000048100906005000039080000020190000400602008140000000080000700603
160000984000000000003480002000048001700000005900350000200061400000000000315000067
000004710600010043200900000700006500000090000008300007000009002520070008074200000
504761000801004000027000100000097000040000050000630000008000970000500208000948305
000700090800900054050030108005409000900000001000806900603040080470003005090008000
067230900108007060000005000093000070000080000020000630000300000080500103006098240
640800000002300000081000900503901008000080000100406209007000190000008400000005067
652070100000000045700100600000600007007489300100007000001002009370000000009050836
040006200000020056000005390000908600700000009003207000054600000190050000008700040
000350000000082000080000507308004070070638090090500403901000060000760000000025000
370908000400006000096040500030000020700601009080000050003010270000400005000803061
030240000208107000700060102900000030080306010060000007809030006000601309000025080
509300004000004000002900010800090200600040008003070009070005600000100000300006402
000000003003040592000009400040025801000080000201760040005400000194050300800000000
097030001100090450000000000000079260500060008029510000000000000064020003700050940
000003001200008900005640803000006010760030059010400000901085200006900005800300000
362700000000008000100900200840500003070090050200007064007009008000200000000004625
000000080004000207000284053006105000000020000000307900510863000307000100080000000
403007069009600085000009000200000010007080600090000003000500000370008900920700306
046507000000000070000902001000000920290050063067000000900403000080000000000709480
518600040000800000902300000480000000026974180000000062000006504000009000090008716
000097400730860000809000003000010020570030061090070000900000107000046035003780000
240000000001060000009203005070500904003080100605004020900706500000050700000000041
900000006000007980000082100210000300700306008004000072005290000037500000600000004
150000000027043000400760000002030058010090030340080200000079006000310780000000091
900037008760000050080000000000520007430080019600091000000000080020000096800950003
000000460200040780041000005000367040000489000090125000400000630062010007085000000
070000380004800006050700029006050090000070000030010800360002010900006700042000030
000429300900000000010005004009260040300090008040018900700600030000000002006351000
000000700000028010060007032005304007003716500600502300410600070030240000009000000
800900000007005943340000500090010600000000000008060070003000094524100300000003002
000000003000006240320008700950260400000040000003095062009700018034500000800000000
000743002074200930000000400002001300003060500008400700006000000021007640500186000
300000000090430260000005108007008009002603500900200600809500000053082040000000002
007000500050008070001040006700001002006000900500900008200080300030500010005000600
680090000007800000050010703492000300000000000005000946209050030000001600000070051
000062001030000000000009470000007065750010082890200000063400000000000020400590000
700005086200006000000000073080004700307050901004100030930000000000900002670200009
010007300000090000007806000409500026580609073320004905000305600000040000008700030
940050020500740000000006075003000004060000090400000800190600000000039002020080056
035040000061079300900000000000000049057492160340000000000000002006820490000050730
000500600004078021080003970010000000908000107000000090035100040760450800002006000
000052700000094000005000604950000007030070010700000089308000100000180000006740000
008070004150800000000004189009005601000000000706900800367500000000009068800040300
006028090009001005070900000240000508000000000708000019000004020300600800080230400
060000009370064100901002000090000007040137090200000050000200608004750023600000070
800100300020005700000000128000040830400703006052010000743000000006400070008007004
700000009005010637064000000020007050600203001030100060000000510359080700100000008
120000000069413000008000001000041008090576030700230000400000900000182470000000013
081200043200005000940010070000062308000000000402980000060020035000100009150006280
000000000003956800910200700300061075000000000180570009005004067007685900000000000
007200000000458001508300209400000010803000406090000003709002805100837000000009100
700800050086000247020000000000058073009000500850460000000000030538000160010002005
009003600700600409500904170000002090002000700090800000085209007407008006003700800
000300490900000100830400200000157060000030000010298000009006035004000009058001000
034005000080900000009000035020450800003020500008097040670000400000004050000500690
010708094203060007000000020000009700900605001006400000020000000500090203860207010
800000000400180500060700800901028700000000000002560104009002010006019002000000005
100405930000003000030200000057600300410000092008002570000001080000700000026908003
964001500000000000000009046008093020000806000070420100180500000000000000005700614
000800700031502800000036000010300607000908000604001090000250000008607410006003000
510080920300070000009500004000000010108000305070000000700008200000090006061040078
500068002000000068700002090600500029000070000420006003060300004950000000200910005
197040003030008000802000000200400060400916002010007009000000506000500030500070218
860000500094000603005060090000009050000204000030100000040070800503000410007000025
020580010100092600007000000010300008300000002500008030000000700002650009030047020
009000000180960000040000917000032850000804000068190000793000060000049085000000300
400063001086470000900000000045000030000807000020000750000000009000015240500740003
000400000000003504800092736000000960200010003035000000146280007702600000000009000
710000000000300704005008060006095140500000006089760500050800400401007000000000013
715060000608950001000000060400092000070000010000510004030000000100039805000040632
000000036300200900594006002200000010001458600040000005400600791007009004620000000
800000000001006005634280000008500103000723000302001700000038549100400300000000007
000000000072300090605400810089000002150090068200000750028004905040005620000000000
000005040000001300405809006500000000010924050000000007600402908007300000040700000
800000002030250000007000010090010206250967081601040050010000600000081090700000003
009024100800000200000800030000200006020157040700009000040008000007000002001370900
004037090803000000050200004090503000300000007000408020500002030000000609040380200
180302600000500000052004090400000000031070250000000004010700930000003000008209061
500007090302800001000000080000006003058070210200100000030000000900004605040900007
063170902210430000000000000700000300000608000005000009000000000000027035304081290
050390400000701009000000050008003005035618970200500100090000000600107000003064010
500100283026000040400000000054200000000809000000006510000000008080000690267003001
030089570007006000920000000000700280005040900068005000000000053000800100081350020
000609023000800900097053406008000070060000030070000500506340190003006000720501000
043201000001005000000000038080007400300050001002800090720000000000900700000704650
800200009010000620402096000700000008000567000900000002000130205037000080200008006
000060041000005009030004800048010002000702000200030580007600090400300000380020000
000300000090050340100098000600000082080563010950000006000810007068030090000007000
200000000000092050905486002486000700000070000007000928700365804030820000000000003
100090076506400900000060300008100000900040002000003700001030000007004501640010007
095006000640000200700480000001007530000000000067200800000018005004000028000600910
390000000200007003056200800740005000000496000000800041009002450600900002000000036
103000490904701000000000010000073100090000030001890000050000000000408907037000208
000009530010000008004580900000000005050246090800000000008067100900000060025400000
860300000700041030000060400008400960000070000042009500009080000080520003000007054
510060000039200000600000000007054290080000030093170500000000004000009650000080027
614520000700060000000000100100006085470000021260800007007000000000050002000048913
630010004004873050000000010340000900000050000001000043090000000050641200100090076
004090000300005090900001700007400010658010274090007800009100005020900008000060900
490020000000000084302004600000007069010080020670500000009700308530000000000030016
700500030800200000000007608640009700070000090009400021205700000000003007060005002
008300007520007004070040090100580000000000000000034008080020040200100079600003100
000150602120300007000000300890006000000040000000200074008000000400009053206015000
000400035340000907100002400000003000092854610000200000005300001903000056870006000
490310000008007190600020000700000010004103800010000009000050007047800900000064051
050001009103000000072800400405060030000000000010030705001004350000000107300600090
000000045000076300500010600070002400301000908002900070006080004003250000780000000
010002000300064000280000106000006005602409801800700000109000083000230004000900060
057309200300000070200040001069100000000000000000007890100070003030000009004508120
800000006000480000000916700090003600540020018001800050005697000000041000100000004
000000004060078030307001000513000000042000590000000348000600802080930070700000000
080000507000700068900060400030007002250000089600900050002090006890003000503000070
005460080006570200000080004000000708030090050701000000800020000007058100020037800
394000000010038900520000000000800009040359020100007000000000017005480030000000498
702004000005010000046300080103000900020090060009000801030001790000060500000900608
120000003500180000000300910056000000030457060000000140082003000000072004700000032
009200860000004000470001900000050020200603009090020000006900081000400000012006700
000900004040301950920000800090800400300050009007009060009000041035104090600003000
070040000900600500050093200000000097400070003690000000002850010008001004000060080
201003006050000090000070001037068900000040000008590610800050000090000020300700804
000000950493000000000804000800500370050381040034002008000203000000000436017000000
702804100063700800000000007024600003000000000300001520400000000007003690009506301
014706200090013800005000000000368000060000070000275000000007100007980060001402750
180700002000000100002340000050000018904020705310000060000039800006000000800007054
090004053300000840000000710008649000030050060000378500086000000029000001170200080
602090000090003000001047050800300009010000030900006004030750200000900010000030506
000000800000308069200060004005601300060030040009402100500080003340905000001000000
819070500700004000040000008000002075207000106180500000400000050000200004002030617
604009000089760000500000000006250080405090203020013900000000006000078420000100508
400900008610000000038064020001040007000806000800050900090610530000000061100005009
690070000005608000043200000010300000200010005000004030000006340000502800000030027
000059000600007039974300000007000020352000967060000300000008146280400003000760000
002008010790000000000007026000906030003020800080705000170300000000000084020800500
010200003003900720009083000050090000600050007000020010000830200027006300100002040
004000067000000400037504010010300920005206100069001050050109270002000000740000300
406080200023000085010000007080006000000901000000200030200000060640000570005060809
008900003002010040000062007450600900006040300009001056600290000030050600200006100
000004008008000402000080093000017039310208046470960000250040000904000800100600000
006400100015069080000700602032000004000080000800000310203001000050640230001002500
000000900070090062620010080008200700702040305003009600080070039390020050001000000
007006230302009051050020000000000506000703000205000000000090060730800905021600800
500320000002060000078500090006000708000803000405000900090006540000030600000047002
000004905000900800000003106006100003070050060400007200704800000003006000908200000
000039082058400000400000700000000961000102000819000000007000004000004670380610000
008900402000007068050000000019006005086405310500200680000000070420700000107003800
000058170000000000000417803500084030080070090030690008206841000000000000091530000
120004930000000020005073000870090001030000080400060079000530100010000000043600097
000500029006203807000000000054190003000070000200035740000000000102709600970001000
000000040004038509509420000000006002070253060600700000000085304405370100010000000
000436205000710000000000700970000002130020057200000031006000000000082000302149000
000204000006510200002030070500000040071409830080000001010020400007091600000305000
000000000000034007065900208100050060026000450040060002209006840600140000000000000
100603040400900800000007000002010083806000705370060900000800000004006008030405009
510076200820000003000000010090002400000793000001600030080000000600000024002530087
600000100304600005210790000000002006009105400400300000000087019100006504007000008
500079100020840030009000000708000006000796000600000705000000300060031040002460001
009060038034005670000302000000000007028000150900000000000103000083900420570080300
000000017006100230000006000810460020003020400040017089000700000051008900920000000
100800056030500020900030000500001800301000407004200001000020005010005080650009004
910800004000010820000500013160400300000090000002006048620001000075040000800007036
064700000000004030509100080600008100008010300005900008010003805080400000000007910
000085003083700000005006970000000130000169000021000000014200300000004510500670000
000006000010593600000010079502000760700000001081000203160030000004961050000800000
410002500002040008000006024300054060205010403090320001520400000100070300003200085
009080700040000002030450006080001000005000100000300040300025090600000030007030200
000000800200040000001029006010002500503090402007400010400630900000080004009000000
093600000000100050400030006300086500002010600007540003200070009030002000000003820
610030090009620000040950067000000903080000070403000000850069010000084700060070089
108020000000009004040001650600000000050040030000000009031700040200600000000050201
090084006006000070080002400029400000073010260000009340004900030010000900900640010
120000008090700520005000600001020400080154090009080200008000100064001070200000065
870001030000000000000057002008900510001030400046002300300420000000000000020800091
000903200000000009090002078901005000080207010000600904510300020400000000002701000
008070500500800374407900000900080730000000000073090008000009203741008009009050400
000000070012980006700040000050800091600050008270001030000010003100063580030000000
002000007000006820419007000500008600080000090001300008000700936038500000200000100
700150820430000570000000000005040007000279000300080900000000000084000095071065002
300165009104070000850009000001004080000000000060300400000400053000030208700628004
900000000060493000000006902002651700006000500005387100104500000000968010000000005
916005370000000000000007618300002890000000000092100003537200000000000000084600159
500000000002040000063001008950420030076000850030068092800700410000080200000000006
600034000090500060000010700400003100076000820003600009004090000050007040000460002
140000000020000600306154000000003004031040580900700000000576803003000060000000095
812300000050000004700000030200901000047030690000207005020000009400000070000002483
000290000000007802503004700300005001100020008700800004007600405206400000000052000
900080030000060490000200008000005600105306709007900000800002000046090000020070006
169007000070250001080090000600000010704000309090000005000020050900075030000300274
006000500400960201190000000009800004600541002800009700000000027904028005002000100
000080001000002053002046080048100500610000034005004170090650200250400000400030000
063400000000200074400030090000040150000851000071090000040070003680004000000008540
040000056600910070200004800000007020003020500050600000004700005070032009310000060
005063740000000000400070201290040000008000400000050083302010006000000000046730500
000004368000008000800300001270530900030000050005079083100003009000800000364200000
001602000000004700004578030650000003010020070400000059090467300006200000000803100
000058006060000105005200070706019200000000000002540607050002400907000080400190000
600048003070500001030010700000005080000000000020600000002050070500009060100230009
090006000500000841007800000000073569000000000615420000000005200832000006000600030
001800450300000008000000970038900010000314000090005360029000000700000006016003800
803007001000100000000008326040010600180050043002040010251900000000005000400600205
800070000973004025005000400090307000200040001000209060008000300760400859000080006
047100000500004900900050070150000600004000300008000047070020008001300009000009460
300709028060500000000000100290005400400000007007800039001000000000003090570201004
007306080000000200064800370000100090803000501090003000038007950002000000010905800
900703206073940000000000000001000004306010807700000500000000000000085630804601005
400100008050009012800000300000080920200000001031050000002000005140700080300004009
000001000100020308002400090007005004600814005500700900040006100703040009000300000
080009240001320000702000009000508001000030000900201000500000406000056100016700030
503000000100005900096370000008004523000000000752900600000023140004600002000000309
030020000120800090400000053000042000900607005000580000210000008070001024000050030
090400763000610000040009100050000800700000009004000020002900010000067000536002090
605700039009000002100800000000500018003208600810009000000005003200000500450007906
050200000800004003004050007060405000097000410000903070100060700500100009000007020
480100500020090000000000003103005094000000000840300602900000000000030070007004056
120960000805100067600008020003000000900010006000000800070200009390001204000097081
007050000000706000000108026003002058200000009150400200920507000000804000000020400
031206700000000920000007001000430070640000035070065000700600000089000000005703490
800000000070008030360750100006007302090000060103900800009073045050600020000000008
700005000006000000040870120900500200205060409008004007012087050000000700000100003
900074006000291007070000000000007360010060080056100000000000010500428000400610002
000000000207000900890050062000400080003591200010007000560020039002000104000000000
000000600000085190000090028050920006006531200400067050560070000037150000002000000
408930007970005040000007090030500401000000000207004080080700000090800052100029806
000709004700005280020600050000000001561070948900000000050004090042900003800302000
003006208800070000040500760000003040000080000080100000025004010000020006604900500
026590400000000005050104706000000182000040000298000000807906050900000000005028690
010074060060300090000800200000000009029736810700000000001005000070003040090610050
100000093000000580000780100001902040290030015040805200004091000032000000910000006
901000460000600700060084100100200300000070000006001002002940050004007000075000604
700000080153700400004003000500009000070050010000400003000500600005008149020000007
100000000030050800000003950500039060008504100040720008016400000004070090000000002
100000009602079000059300000005901047000000000410605900000006730000790602200000005
300080700000190800700006210040005100000030000001700050037900001006074000002010008
000000076000089405015007300000094000092000840000810000008500160601930000240000000
000008000007005830000960104400500208020000060308004001804079000016400300000100000
030000000002801003780000590400600907000000000305007004054000029100402300000000080
000006803000170050060500090900400607000060000604005009090001020050098000108600000
058600300700000000000572800002045060040060050060720100009836000000000008006001430
600007509107806000800000000000004100040060030006300000000000008000408902908500003
900405702000000008450700900310260000000000000000039021009002084100000000204901003
020006040090001700004805200002000000570000016000000300009402800006700020040100030
500000010043600000000005243630092000700000005000740036892100000000009860070000001
000062007000000846009040030750000000003587600000000073070090300432000000100630000
020060000001902000000100040100200403063000150407001009090005000000604500000010070
002007610007308009900000000041020030000000000060070950000000005700801400084200300
047800900000000000530010007000504008005080600400903000100030059000000000009002460
560020031000003400080900600000006180600050003074100000005002060006300000930060014
701000000000000004005286000002005763004000100379800400000794200100000000000000809
500006080086010000000080501900008270030090050028600003201070000000060320050900007
009006000000000300001895020508040006000981000700060408040658100006000000000200700
008670900370000018000005000000000270100000009063000000000800000790000035005092100
009000000320100048180060009050002000040837050000600030200040015430006072000000400
020000080308009602500000003000051000093602840000490000900000006204900308010000050
090408200004100080000000700008000002010952040300000100007000000040003500001507030
600300950000800000090007018800930040004000200050042003730200060000003000089005004
004972000000000500937050000003405010090000080080601700000030291002000000000214300
001000860400007003020008700090400000380050012000003050004300080200800005013000200
000000000004060007030270410018002000002416300000700290026049030500030600000000000
000020000700000190390700800000800067000634000830007000008002051043000002000090000
900000000040760800076043009030090001002000600100020030400630190009012050000000002
008000079500430000000001000000708240070000090019604000000500000000019006720000900
014060000026309700000100860309000000060000030000000407098001000003807940000090680
008030509000000080000800024002097040040050010090310600270003000030000000409060700
200000000000010093089600500007905420000000000021408900004003680360050000000000007
836000500000703089900000000020000941000502000384000050000000007710906000008000163
208900000053020008070005200007000095480000027520000300005100040800090170000004806
074300000000007600002000073017530490008020700063074520780000900001700000000002160
502010000000008000083405700001000006020147030700000800008504360000200000000060109
002604180000007300060800700820409000000000000000201047005008020008900000039106400
000000020007020803020850460014080050000209000090030680049015030506090100030000000
400006002000100800001300040100007039070513060530200008020005700007001000900700003
060940000000205010900001007300050000089132760000090001700800002010503000000079050
000000040000058230000010007160005004005030800700400026800090000019840000020000000
946100002208005000071000000009080005400010008800040600000000850000300204100002369
003000201700001500000000090009010002028030670300060400070000000002800005401000700
010090020000700169900000007003069208000070000406530700300000005245003000060050030
002906400976080000010007008340000000005864100000000054100500030000010549009703600
000084900000032007000700428800000006090070050700000004417003000900620000003410000
040500000108700300200013090000007400002000500004100000080950006006001708000006020
001700094000045000070300000030000008087090640100000050000008020000610000760009800
000000006107002000024150000000800150001795800075001000000067980000500602300000000
000420008063000070500006900106000000020741090000000701007600002090000530200037000
000000000000070090007281306501004080008000200060500107603715800020040000000000000
000803017000007000070600002092000075065000180780000230400002060000500000230708000
080200600000758900902000000000037008203060109600920000000000802007582000009003040
108400000000000503360700000001004020040030060070200100000006057405000000000008301
096102500000040006320000000003008062000090000850400300000000083100060000007904210
685020000000003026040000700004000067009000200750000400006000030530900000000040158
002893000400106000007000000500030012039000850870050003000000100000701006000382400
705100000800035070060709000300000840006020100084000007000301080030250009000008605
402090003000008071000100000130004090008309700040800036000006000780200000200070805
000000008020790035005008706307000080002000300080000107508200900290017060400000000
083100000200600400701009080000000039008010700920000000070300204002001008000007590
938100070720580100000000080000005001000020000400600000070000000001096052050003846
050000000769302004400051800803000000000603000000000903005410008200509341000000050
100008250000000081080200460000004810270805036061300000058009070420000000017400008
050090000000024001291300040020000800107903402005000070010005389900430000000060020
593080270108000009020900000080503700000000000007209080000004010800000307014060895
605004008002108407040000900000300070800000009030006000003000050407601200200500104
000000007009003650070682000000408290900000005081309000000817040056200100400000000
240100560600070000050200040060000000003040900000000020020003050000010008094008076
250040300061000040400900000010800500500403006004001070000009001020000950006070023
600700058400080306010000000800910000003000900000075002000000080102030009590006003
050200300000087006300000002000009420204050601076100000400000003600540000005008010
500000000030007000867009054420008305000000000608500029940200783000800090000000006
003890017080006000001500000090002008015000960800900030000009400000300020940028300
019008000000000083003469100200030000007501200000040001002654700560000000000100650
000900360000000008000486072083007504000040000406300780920514000300000000041008000
000021000200300506940000070070400009600070008800006030090000021708004003000680000
641000000000150800080300090106800053000000000430005702070001060002098000000000578
002300470600000001000064300000753800400000003009841000008530000700000008091007600
000082007006007900090610280000090604000000000601070000083021090009500700100760000
600020400000000580095000002340068000000735000000940013700000350082000000009050006
070015830000000000000680745010006470000070000059100060183067000000000000026830010
400050003000208947000900020090000204004000100805000030060004000948306000500020006
730090000040006705000004000390060500604000801005010096000200000203700010000040052
000700000000400260107003009308500001600000004200006903400800102052001000000009000
010009072000000500000302016000000094005906200370000000180603000004000000960700040
000100000000007065000056801002000510300040008068000400703580000490700000000002000
000001070040000500006200800800023010001705900070180003007008200008000030060400000
709008400000000080830005007000490010300070002080053000100500068020000000008200104
010070230870200060000096007000003400400000009008500000200760000040008026065020040
000000000008350000056800700060408005030000020200701060007006910000047800000000000
003609000000002370050000920070036010004010200010820060091000050038400000000301400
000090000000007630960410020034000150000030000087000390010025078025600000000070000
000006047205000910030000000802790050000080000070065408000000030084000709790100000
048020000010800000673500000300000008006902500900000007000001465000004020000090780
020007000530800000014000000062050001008070200100040350000000590000009037000500060
600030000004900000210704000090607030007090600040105020000208046000009800000060005
200008000530090060004500000800000602065070190309000005000004200040010056000900001
040003007960400000005000001000200034400538009290006000600000400000009083700100090
003000970000302000000040120000730060047080390080059000062070000000105000078000200
506720000007501060000000001600030900080902010009060004400000000070206100000018703
000600092090002000450900000070000019009743500360000070000001023000800060930007000
360000000001860509000300076920400000080000090000005042730009000508026300000000067
080005007200100300000000085005081700070090050003450600510000000004009002900600070
000080000000005006520100809005700020302000601080006500809007034400300000000060000
309640050000095000042000000008060090905000208020010700000000620000480000030026509
000000000600040130270008605700901080002060700010407003407200018053080009000000000
070001980100006745400090000000100000086000120000007000000010003293500004051300090
000000400063004082480015000090003200040080030008500010000360075730900820009000000
000000600000009148100004057006001095000000000510700400860300009372800000004000000
150000800008539000000040006380060000060205030000080042800050000000397200007000069
000050003700690000000007002005300064170862059360004200400700000000085006800030000
000000007910080002400060080000400090089172460040006000090030006800040035100000000
000020000000005031009007800704000002026501380800000106003800200450700000000060000
000000000030087200018360000320000600046703120001000039000072340003690070000000000
016070050805900001700008000400000010600080004070000009000400003200001806090060120
730900040000340008000201005005000090170000063060000500600804000900026000080009016
570046039001000050390000000004750000030104060000069400000000081050000200710690045
810000090000007000007500012200090100003105700001060003160008900000200000070000084
300004080072008000900500300019400000060301020000009810008003007000800560020100008