400500061000800000001007900019000300070020010005000670004600700000008000730001005
000070500070200980000194007600009000098000170000800003800423000042007060009060000
000000000004005091300200805060020100500108003008090050201003006730800200000000000
905000000060000042403900058000016300000209000009830000250008603780000010000000804
014000035000049207000000000005080009039504180600070500000000000402610000150000620
000000004195000030007012000000040056050607020210050000000920700020000613300000000
001020600090106005600400000409003008003000100800200507000007006300501090005080700
400000060030040108512380000079600000300000006000008390000067581801050030050000009
009800020100004800000005431200000960000456000064000005417500000006900003090008700
059200008300089000620100000540000070000000000010000064000007093000820006700005840
000200930030850000020010085000300091001000600480002000710030060000081040049006000
130070400080050000007400000070960100360000079009027060000002700000090020004080053
046702301000000080000003050060008900003050200007200040030800000010000000408609510
008102000000000420020600007500060040860090053090080006600009070035000000000703500
200030000700200001081000230009720000030948060000013900057000310300002008000060005
004087010805300006370000000158900000000000000000003258000000069500008704030640500
008900002060000107000080050800002401200608005901400008090020000307000020600007500
500810090000003800081509000307001085000000000860300107000904510008200000090065008
000082000000400060082005700009000010210000034070000800001600450060003000000170000
100000500020003070300700020900027010800000006030160005080004002010500060006000008
000031004004800000916400000650000080003000200040000015000002596000004700200510000
504000000010700003607010920340000000000379000000000065075020406100008090000000102
780900302009700000400050001000600004002010700900008000100020008000009200208005019
802590000500700000090002000001600209038050640206009800000800020000005007000076503
510020000070500320300000000000001850080040070041300000000000009029005030000080017
000017204405260000000000090003020009902106507700090100060000000000071406301650000
002000360000003000730040800070005009609104502200900040006080053000600000027000400
000205000000098506900000207192000400300060005006000179809000001407810000000904000
060000301000921070000000940000103800030000050001708000084000000010235000602000090
000040530100003000803520004609000380000000000037000209700054603000300007015080000
600400300030065000100370004003000000405102806000000900900057008000910060001003007
809000003050004000006001008204050067000702000960010802600900300000100080400000605
400000000089004005501000030006009000043502910000700800020000709900400680000000003
000052000010060540508004007134000700000020000009000154400100208072030060000240000
000043000003700040600000038080001320002578100014600070250000007070005400000980000
213690000904010000060400000608570300000000000005036704000004070000060802000081946
070004800806005000000000310502000080004060900090000706041000000000600103007800040
471090000000006007000207010007001240040030080065900100050804000600100000000020364
000809200300005001600000800090034000040000030000270040002000009400900006007306000
002190000410300000000004080600000102001703500209000007020800000000009018000035900
000080021036200000020930806092000503080000060605000180208093010000004630360020000
100000000004000980060408102005200013000701000210004600403805060076000300000000004
100003600000260000009107025210000450000000000045000062650702300000096000001300006
042500000709401608000000000500170000000904000000063007000000000204706903000002410
900006000803000000006005371000000128700010003318000000195300400000000809000600005
007200006200001800600004000100400000070519030000002009000900005006300004500008300
407013080500008000000000046080100092000040000340002010250000000000500001010280603
000000004039100000802093010000000801408060307603000000090850603000006120700000000
700020004000004000000760502071006020006000100090300680804032000000900000200050006
000500296028006100000070030801000060000103000030000405080010000009600580615007000
000000800004520000930080540140006020000010000080300051029030065000091700007000000
000008000510907002630000800000001004007060100200500000004000053100205047000400000
900800000030070000100005760290080300060000020003010049054100003000030090000008005
100000000300009052040010603002008501050000090401600200607050020590300007000000005
709248500020050001000001700900006100080000070003700002007400000200010060001872904
090000705000000093305040000002009000108235409000800500000020306210000000407000020
510020070000300000000089004407500206000000000905003401300250000000008000040010065
000000800306800000020705000030080001509030408200090060000908050000006904004000000
031050000200700400040000000063800005105000203400005860000000070007003001000020580
100000073000873000000900240000009085040060010790100000074002000000394000350000009
000002730060000005300065092980040050000000000050030024210370009800000070079800000
006000071800046900009750000050003008090020050100600090000012700001460002280000100
000000070090760580000000009420016800019080630006230045600000000071053060050000000
958000000001702905004000000020370000700901008000046030000000200502107400000000513
000000050807100400024030000000029308300781002702340000000050910003007504010000000
000069000007000200000320890206000085005080100970000406082016000001000600000870000
069003100000205004000000030290070001000000000800090075080000000700908000005300260
500690030000000900000100704260000109000000000108000072403008000007000000090037006
010000000040020058609008000002305000070000080000209500000800602760040010000000070
300000010007600800000050039000008104401070906209100000970080000008006700020000005
103004000000000001040000270050010004001468900300090080015000090200000000000500608
300700050015200000000001080000408500900000003007906000020100000000005630070009002
003000000260005100400063002500900600040000080009008001800520006002100073000000800
007600000048791000960005000006000007080030020200000600000300042000157830000008100
002000000000600039400200700003069020604000305090730600005004008820006000000000900
000040070000803100000900006005300860030107020019004700100006000006508000070090000
000800060000250984008001305306000008000040000700000609209100800841093000070008000
600004005000706080750000290560000000000305000000000019039000064070603000200100007
000000060070500009400002801208000000340070095000000308501300004600001080090000000
002004000090300710007508002200000830000000000041000007800602500023005040000100600
000000007103900860674000000010200000007608500000003020000000436065004701900000000
000048052030010000470000000000720900200000005004093000000000094000050010180230000
008100064030000017000058200010070000000409000000060090007210000520000070380005100
060009005000065010200700800000000024004853600590000000008006002010540000700100050
040100060001000080905008000003001090000347000020900300000200804030000900050004070
004207005005800026100000040850002000000105000000400058090000004370004900200609500
000026450004709001030000000090000705003508100508000020000000070300201600087690000
504007800080300700100200400000008003007020600300500000006002005009004060005700204
000000096000000150680040000900830007007695200800071009000050068062000000430000000
008002000400000080705819006000000507000731000201000000600983401050000009000500600
400060000060890032098001600000020043000000000910080000007900350840075060000030007
010700005000908000260000040120007030000090000040500086050000028000405000300009060
308407000009000104700002003000000805060030040802000000600800007201000400000109208
629050001000000000003607000950000180038060920062000037000809200000000000300070519
500209400090700000020004100480000205000000000903000048005100060000003010009506007
210000000000093007000600240078000009300000006900000420095007000600920000000000014
780043000000009010300100000060000001097502640500000030000001009010400000000790056
900003200000200003003740810006084070000000000020360400038072500700009000005800007
400030090900007500500000017028006000000000000000900820730000005004300001090040006
000305900000091040000400007270006390900020008056800072500002000060910000001503000
020008600308700204000025001000000007000981000500000000700610000201003905003500010
000009072000400000073080904300005400500030006009100003608090340000006000790200000
000673209900000000000019080000020047602000508870060000090750000000000006207986000
000090000326000009580000100608074300070080040005910608002000056700000291000060000
000907028003100000000032000804000160900000005067000402000850000000003600790401000
000004800078200004400000060000000347900010005745000000020000001600001570009300000
000790200093000780000000006030070009010206070400050010200000000071000540004038000
070008030000307450000040900050000300006050100003000090007090000031204000090700080
000047000070809200804600007609004001000000000200500903500003708008906030000480000
006007049300000000012006000000150060001040700030028000000400670000000002240800300
000076400500000700047025090205010000030000050000050907050280310003000004004590000
009000706200000084000031290340000060008010500010000049024760000690000008503000600
900000007007050810000360000100700304500020001703006002000038000085090100600000008
900700826300500000800090000000800003080060040100009000000020008000003001256007009
700000300000008054000003906300010500050709080006050007609200000870100000005000001
008005030005800006030040507200306000000020000000704001306050090500001600070400200
000090007004030020050006090005000038200000006830000500010700050080060400600020000
040970010085000006700006000000031072000000000630750000000500001800000350050023040
000953600000000000080420001008200970020000080064008500700046050000000000003192000
009000080070390002650000000000009700008451200002700000000000047500018020020000100
690000000008400000003698020014060057000040000780020460060351700000006200000000016
000002005600070000075000008001240006030156080200038100100000240000080001300700000
100003005050406300200000400007000100040785030002000900005000006003907010400600003
008020079610400000000000020900006050070204010040900008060000000000005091150030800
310048000040070085009000400598034000000000000000610398003000500760050030000180047
800905600049030000000046100000000580005704200021000000007450000000020410004109007
004030600000154900000009010005000036700040008630000700080500000009278000003090800
000108200304006008000050006092601700000000000001509630100020000400900107005407000
806000304007100000000042008790004000000050000000200063100470000000003100308000706
760000009010045060500000108080360000100000006000087090601000007040690030900000014
000000000000000291002048607000060710008479300027010000104520800573000000000000000
006007900030065001000000050120003000600000008000700046090000000400280090001300700
000900000308000006000300948900001805000609000503200001842007000700000402000005000
000079500000005060700680009009050024300000006820030700900027001040500000002490000
820009060000280019050070000300100000005000900000008007000010030280057000010900074
070040003091000570200000000004300006003724900900001400000000008028000390500090010
000000000000750080000409705501090408420580036806020507602105000050043000000000000
000308210090000000300000065008003006600905003900700500560000007000000030072601000
000053040030004000040070200005000067100080004620000500007030050000900010060820000
102004300600090800030800000028000000006247900000000460000001070007080005001900608
000206510000100008030800200020000803040000020908000070006002040700003000052407000
560000000290006001004350000000007008007638500400500000000063100700400063000000072
000050230502008400000006005078009000605000709000100360400800000001900803089040000
107200000002073000035400020200600003010020040300009007090002180000130900000008502
106000003095007600000009000020016000009583200000920060000300000001800540600000908
048020600700900100010003020500600080000070000090002005050200010004001008001050430
000000200900640050000973804008500097000000000160007500807436000010089005004000000
030000070005906800100400900057001060000050000010700530002003004001802700040000020
800047060390065010000300000982000000000000000000000387000008000040670035020510006
000870000009006007475900000020750000500000006000061090000002478300100900000095000
080000000050608032910002000430060001000000000800010054000300079260805010000000080
097000000003005190100007800000001300010723040008400000004200005071500900000000480
005000000038000607000730820090400708000070000806009010089056000607000250000000100
000001750310702400400000000006003000071040530000900600000000008003109045094300000
057060000020000000360420700000090068700382005890050000009071046000000070000040890
107050000392100000000009100070000036008040500530000080005700000000008954000020608
810020700000000000000658900400200360700030009089005001008516000000000000002090085
406071000801400000320008000200100300000629000009004006000500073000002901000390508
048500000002730000000002601079100500000000000005009230803600000000091300000005490
006000000073100008008020050000207041800060009120508000090070600600009710000000900
000007013000804057000230800090000700027040930003000020005073000130408000740900000
030407000500008097080160300000000089000050000310000000006031070970200001000904060
000001897008000000000094160090300078600050001840007020069480000000000300382100000
000806003050074008000000009710000300309501702002000041900000000600290030100607000
000009087020800100800470500000610050200000006040087000002043008003008090710900000
000009000500700062000064051628400070300000004070006328710680000860005007000900000
000460750010500000000093001700000380000817000056000007400630000000005040079024000
004007009200005030000000670005040001000758000600010500087000000020900004900600700
070520600000079001054000000009000086000080000830000200000000410700490000008013090
010500006000010520005080040080075100020000050009260080070030900056020000800004060
001900630000062000096800200010000007000030000400000050005003710000640000069001300
003002010060000470950070026080460000000000000000019060830050049014000030090700100
004020000000600000917048000078000610506070804042000790000710948000005000000080200
000930540000200600003080079140000080000000000060000015710020400006005000029073000
009007050000610940000000003403806015070000020610705804300000000026049000050200400
024100008970006000000020075000035006005000700100780000490010000000300047700004160
100900230000000060050002907500018009000040000400230001201300080070000000095007002
800204000030070900207900004900000000503080702000000001300002106002090050000407009
810300000009040067400000009100490050000000000090086003700000008950010600000002014
000020690000056710000000003540002070010478050030100042700000000051240000026080000
000006004009000050520403060000081500100204003004630000050102098070000400400300000
000030067400900800083006000000001240340000015017400000000200650002009004690040000
670200308000430000005008002508000000020090050000000206700500800000084000204007069
034206019000080000000510060700000652000000000361000007020091000000060000610802390
003005061000012030900070000120000000060291070000000092000020006030450000240700900
000000030100800005430062700000348060300000004080179000006980073700003009050000000
600500137000070000030600090008700600000489000005001900010006050000040000279008003
000072590000950008000000003006740009207000401500093800600000000100029000049580000
018564007740000000005000400500600040000080000070003009001000200000000061900421750
000540000900001400034800009000000091407010602210000000700002910006700003000068000
000000000940008600302040790009280060000591000080034500025070804004800026000000000
320005000000001205005000043600080500040000090008020001210000700807200000000900024
046908300085400002900050000000004009050010060600800000000040005400006170008207940
400003280000000001000560700000021030001407500090850000005078000300000000078300004
000987002000000000491000800600008700085090120003600009007000291000000000900713000
640300000000005060070000018300097005160000094700640001930000070010200000000006043
000043200000010090000000048005004030007602800020100700610000000080020000003790000
500000000007004002024060300009005070070040060060800400002050930800300100000000004
100060200000025100000000053702630480300000005069042301230000000006980000007010006
000080036000000000003594000730800014900243008480006053000428500000000000850030000
000105000080007400206000700045030800000000000007080160009000507002600030000503000
000063002820000000035090000004005026001000400950400800000070290000000061100340000
004810607830060000076000000090003840400000005028400070000000750000090068705086200
014007096080060300000000000000003005068705130200800000000000000006080010870100250
000540000000010062180000900060004800010697050009300020006000094820060000000035000
007000000020705000109348000300000010002906800040000002000527906000801050000000200
783209006060000000000468000410000900007000600006000075000384000000000010200106387
053000801000500000009086023090020030005000100080060050530640200000003000601000380
002730064004010050000200109000300900300000002009007000608002000020080500590043700
576090300000100050000052800000000065005010700290000000004980000030007000007020438
406200070000040000350001040960000750200070003071000062030100097000020000080009306
040009500061080009000600410900000050400108006030000004079001000500030290003900080
007068450000400000008002000060034170800000005073950060000200300000005000042790500
000600000000748069080100400370000120009000600025000074001007090890316000000002000
000000685600000040000048302007560003009702500500093800406920000050000009973000000
014060002003007004007400910080000000000938000000000060078001400200300500400080270
730000500001700890000042000050017020000208000080360010000620000045001200002000039
002008000000060905000500830000002008090137050100900000031004000206070000000800300
000000907720050000009180000006072003900010008300540600000094300000030012507000000
005000007000400000009200148050320000300704009000086020423001800000002000800000700
005006079000500000089031005003065000014000680000180500900640150000008000450300200
900000000074100000051008709205870600000030000009064207702300960000002470000000008
200000800000300076000016000004270650700030004051049700000920000190007000005000008
200000090006305007800600000000167080070000060090548000000006008400901300080000009
200006501035009600100700003900000000070801060000000005800004009003900480709300006
000004780000032060900000000030005200502070408004100050000000005070980000093200000
801093000032400000400000800000007060076040120010800000003000002000002710000950604
718500062400000000000020014000000890000615000063000000840070000000000009390002785
702805010003000008850004009060300000007020800000007060600700095900000700070908106
140000000807510004090060000060005240003407800084600070000040050400036901000000038
001000500000200008940305020805000000063809150000000309050704093100002000009000200
000000014007103200030005000075080000008379600000010790000800030001906400290000000
409560000600070900050002000000000083702000406930000000000600040007020008000084102
028007040900000000030002907050620009009070600700089050306500080000000001010200460
800007006070200080001003900000400060708000205040006000003100600090008050200300007
000000048000608030000094205002136800000000000003487500809370000060905000240000000
002065000070000000009700004030800001920000076600007050500008700000000040000190600
000000048090010500800002000009023051340060072120790300000600004003080090780000000
007050036000006018003200000240600000300000004000001029000008500430700000780090100
006803027070004000090000005830012000001030200000680041700000050000500090980201700
008005400100004000030000809070840900040000010005069020402000090000400002007200300
500002000703009080060430000820000000001576400000000031000025010080900302000600007
700000809209050060000300000000409103190060078407801000000003000010080907604000005
600010000009807500000004001320000019800070005140000028500400000002105400000080003
000700042004500100900000030003090004070060020100050300060000009007001800310006000
190027006703000000000340000380004000060105030000600072000018000000000603900560081
050026407006500300000007060340050000001000500000070031090700000007001900502630080
700209030530000006400100000000004001004932600200500000000001004600000012040307005
403190200000308010000600090906000800020000070004000901010002000040706000002013609
570000410008400000000007006060018020302000708090250040700600000000004300053000064
020703040090800007000000006000050038003102500840060000900000000400008060050904070
000004700020060005401005000000080156006402300319050000000800609600070030004500000
065400000900300000048000000083090001700241005400030260000000570000004002000009810
010094000090300068604500000000000230008000500026000000000009601250006040000280050
000300040050000001700019060509000020030768050070000108060890005200000070040007000
080065700006804005250000000000001040308000607040700000000000052800902100002470090
190000700000600080000749050000067100600108004001490000070816000050003000003000027
020400500500090008000008071108079000000000000000120904450600000900080003001005060
100006703037000000000000250000902600060010040009305000028000000000000430703100002
006003000000005807070800340000530009090000020200078000065009070103200000000100500
700060050004003290000000004000650070603701508070094000200000000086500900010080005
020016540005000002040080100000000001006301900900000000001020030200000800037150060
005070490000000000083090010034001000009504600000700130090010820000000000072040900
200408060807100000059000000080006090500000008090200050000000540000004603040301002
140000000003100000860700500305400170020080050016005802001004035000002700000000021
007030100050001900008007030000002807000305000206700000060400700001500090009080300
000003850000700000040080710006005007900836002300100900069050020000004000025900000
006090005000100360300604000030075000020040070000820030000708006051002000700030400
810000700073005000200003090000300010000146000040007000030200001000800560006000024
605028003030500060040001000000000102180000045209000000000400050020007090500890304
700400080002000009069003010000026001170080062600510000050200930200000100040008006
215000000000000800040000075006240090900716003070038600750000060002000000000000942
000000090700000450008500006002059061100307004450810300200005900089000003070000000
015000080000300000000005067009860004720000019500019800240600000000001000080000530
010800500769200000000041000650000090900070002020000075000380000000009758008005020
000007209605900070007004060910703000006090800000806031080300400060009705509400000
000009200000041056000000071030700009002618400400003060350000000740130000008900000
500039000090800350047002900050900000400000005000007010008700540064005080000140007
108000000009040020340002010000300006080721050200005000070800035090070800000000107
900060430063000000020001000000008714009703600172600000000500060000000940051040003
000075000803610700700000200060004000080060090000800010001000009009023604000940000
200000900058003200600000013000070006000984000900020000740000005001400370006000001
210900070604000000005480009060000002000801000500000010100058700000000201040003065
800004200000003009009006410200000000401702903000000001038200500700300000005400006
009084070800005200000000010000051004010090050600820000050000000003900005020560700
700630020000009030000700806900400160004000900061002004207008000040900000030071009
350000600060085000008360040000000001095208360400000000030091200000430050007000013
900500000008009004070008016030000005004625700200000060710400090500900400000003001
960000080000002700700800056400008090800304005020500003290003001005200000010000028
040005008000300000735000100200903057000000000350708004009000516000002000400600080
040108200100470000000005007007000356000000000529000100900700000000036005006509040
000000007000800120206000800074100005030080060100002940007000409093005000800000000
691082000000600000043500008070400801900020003408003090500008640000006000000250389
000000300620003580308000076100740000000561000000092008780000401031800069005000000
050040076780500000200000504400270000000000000000015003902000007000006091530020060
030000050002900000609700000008600010790010084010003900000009507000002400050000060
004000007000420019100007800903000004050090080600000905009600008420019000500000100
000000030382090060509000004000360200006050400005019000100000706070080549050000000
100000007003000089006309000000070108080106050309020000000803200730000800500000003
700000300000000089091826500600008200100705003007300008006573920570000000009000005
500000006040003000080900017030120050057000180020045090370009060000500040800000005
126007080500000001087100000060700048000405000750002010000009150200000009010500724
700400020000000430364800900005930002000070000900028500001009368023000000090007004
100000040008040109040007008012080004000000000500010320800200090903070600070000001
008050300050016472206400000020000003000060000300000050000001805817530060002040700
000008000500700400300000289405301000080000070000802605954000006001005003000900000
100700680020006400000050017003900000800000004000003900310070000002100090076002008
000000008000450620306800040017540060043070280090032710030004806061089000700000000
800006004060003000270150000030000640007000500029000080000071068000600010900200003
071802000302400000080030000050000007149000258700000090000040060000001509000507830
007300800003000025010800900070030609100000008306090070005004060620000400008006500
000005700000007046060930200030000470100000002047000060003082010290700000008100000
007200000005830006000076400500000740040060090013000002004310000300049200000008500
069207040082130000000000000000000670901000403026000000000000000000014760050703890
300008607000002030000730050038200706600000005507004390090067000010800000804500003
005030801000200000086000500000004300870090045002300000008000260000001000309020700
010000009407090000000000830500073400006581200001420008039000000000010302700000060
640000000000000069005062000010040003006159200200080010000370500890000000000000086
694010000000009000070240900400900510009104300017008009008096020000800000000020658
070000005000890020300000408000008004004972300700300000509000006080056000400000070
000007310000004205000513087080000006010000040200000030370462000804300000096800000
091876000002000630000000000030085406000607000608940010000000000047000200000561790
090700000305000400010080000003907005076050230500806100000040060001000702000008010
500009000076000000003000951600040107000805000807020005154000600000000810000200003
800710000070030005000000782007400060010070050090001400168000000900080070000029001
000200960030900180000060007000016800006000400002370000700090000094003010028001000
200040890004860000050003000000700040300214007040008000000100080000086100081070004
586010002020800000007002000005031000100000009000240300000500700000006040400070568
560038900000000000000007861000010580800706003026050000192600000000000000003180042
108000003500872000070003500010250400000000000007084090004700010000128009800000207
050901780000000001000400200000060008062104970900080000003007000500000000076502010
000500000000000572002010340008140200270030084004058900043060700596000000000005000
930008005450000020016700000040507900000020000009306050000005290090000064200600081
004000090012079000800041000600900000073000960000007008000450007000690520050000800
400807020025090003701002000200043000000000000000980002000400108100020630040309005
907040000048300706000009040000000071090527080370000000030600000401008360000030509
000005863100004000360080040935000004007000300200000659020050038000400005519800000
000005000080070360607010000006200940000040000092008600000080402021060050000300000
030700802100000040000912700003800000060000030000007400001489000070000004609005080
002009308510400000000050400006500004000768000800001200007010000000004013401600800
004000000306500040800640173503400000000070000000003205635082009010004507000000300
421007000800002000076180000010000004502040901600000080000031260000600003000900145
075090000000008072006005400000704600060050030009806000003400800690500000000080950
080090040409000000036200000003006200200435009001800500000003670000000805010070020
030200000009001680000000013190067000500302001000190075320000000086400100000009030
003209051000450370040000020090004000006000800000500030030000080017043000980106700
000003002820010900009805014001000040000030000070000200350209800007040029100300000
018004000090320007300600000900400051000060000270005009000006002400053010000700390
000071000005800300190004006301000004040080050800000609600400073009007400000530000
068003000095000000007801030000708004030060020400305000080402600000000290000500840
000068709608020000000700080700050010506000307030070005020001000000030904905280000
000500009080370000007002000809000012076000390240000506000400100000098020500007000
700200903000400050200031040000008100000172000008900000080320006040006000306004002
000070030100000907007205400601050020200138006070020104008702600902000005010080000
120090500000000008004023000006000095049010860580000200000750900900000000001060083
000048003400300780500070049060000000008709500000000030670030002035004001800210000
000000800009302001000004730004091005500000002100540600075100000600407900001000000
702100040400000001000903800800000420000070000025000009003604000500000003010009504
002000005003540000040000210400009000500486002000100007078000030000028600600000500
801000009604010020000300006007800000000435000000009400200008000040060205300000907
000000000060040859000205370850000200400102005007000091025408000684070010000000000
000800630008000002040500090703280010000010000020036805070001080400000900091004000
000006000000090501000507260230000108100030002805000034068901000701080000000300000
310800400400003000860019000003700000700000009000004100000350018000900007001008095
600030000030004000070090006260010080950708023080050094100080050000500060000020009
510004230000000060008030007670502000000000000000107049800010300090000000064700052
008000009600910030500060000004007051081592640750600800000050002020034006400000300
060000000004000082008503010000900005096152840800004000050307200430000700000000090
050401200000009071700000000470003000003080700000600089000000002610500000002108050
600200080010000000003000017000089200048050360006430000430000100000000020070004005
000032600000705018800000700008506040000010000030904500001000006480103000007650000
090001708307059060600000000005920000070000090000067100000000006060170902201800070
680005070059000300001600950000093000038000710000810000045006100006000820090100035
007030090600800000032000106000000460000918000015000000103000940000007003040050200
040200000000000080609080010003700024500496007490003500080010206050000000000007050
000009320120400089070000010800900000200010005000003008050000060780006053031700000
050100900000000007300429010000600301030040020106008000010974006700000000008003090
609400000070000000810200605002000074100030009730000800405006023000000040000009106
180000000004000000070850103950400801008090200706003094801029040000000300000000087
900070064200050800010000300030806000000000000000405030005000090004020005190040007
100076004820500670000000000008000020600349005090000300000000000043002051900450002
000090064009007500300010902790000000800153006000000048508020009001800400470030000
000000030000000607402700089390420100080090040045017098720005906504000000060000000
050001000091050603800200000009500008000123000300004500000007002607080350000400090
060000000201007005509084600000700980700000003028001000005630207800400506000000010
000005800090003600400000270050060007009327400200050060046000002008700090002100000
027480561600000000008059000000800070054000180060001000000120600000000004146098230
000000000006040129205160070020000005009517200700000060060023807978050600000000000
080500009957000010032000600000090800800060001005070000003000460040000187100004030
007069200030020087040800000600000000500943006000000008000008090450090070002750800
070809003003050000806000000600093170000000000095760008000000305000020800100907040
000090054025630901000000002000480070000000000010057000100000000904071260850020000
092100400030000008008006000050070040000295000070060090000500200800000010001004730
700063200004000000005700003050000900430090082001000060100002600000000400007140005
000020000604590003050300001700610005801030702500072006400003010200069508000080000
920000006306000700000160000060003040402010903030200010000084000005000401800000029
090060000570008000002004068000500003700603009100002000680700300000300072000080090
050009671016000000003020000800490050000000000040012003000060700000000430524700090
069400030000079104400000025090017500000000000003940010380000001907130000010002340
980510000072009080000020000103000020700000003060000501000080000050300240000051078
607000008008005160003080000700803590000060000035402007000030200064200300300000906
501800600074630000900000040700510000010040090000078005050000001000051420007002906
140000000803090700070600003500100000001030900000007008900002030004050206000000041
000000000078001054630800009012006000300704002000200530800003045240100670000000000
000080000069015070400009600830100004000060000100003057004300009080970530000020000
105000300002800000070001290009070000016403780000050100068900010000002800001000903
007204050000000100050310900000000608630000079209000000001053060005000000060702500
400090000030100086050000100100035020520619047040720005005000030360001090000080002
000004800023800700080960000960000000002109500000000042000092050009005470007300000
000470090002000500039080000003700000170902064000008200000090680001000900080026000
127004006350000000000030009008510000090000080000082400500060000000000068600700251
109604500400002080000000049000000067005020100270000000890000000040500003007306908
300094005900000080045700000410000300073000160006000078000002840080000007600470003
500000000008290705200800010700000090060754030040000007080003006907012300000000002
000200000007003800840970000100000903290030084603000002000016025002500300000007000
001802000060100098070050100400000000080409070000000004009030060810007030000601200
000020003000000084003790051000030170080419030091070000930067500720000000100040000
403006908000002460000000000002500010900040005010009300000000000061300000804700106
760000050400010007038000000850904070000080000070205046000000380500070001010000025
002400050910030824000008000040850700000000000005073060000500000596040018070006500
000000000090380701001500903500108000700000005000407006405001300103065020000000000
000003500006740000304010007050001800029000610008200070800090406000025100001400000
100600005000800000000049600390060720002000500085070034004720000000001000800003007
100050000000600700070020308000000089500849003960000000209010050004005000000030002
701000203000053070050207008010000300900040006005000090100704060040860000603000409
002000734103000000000702000000604301500020009806309000000905000000000506795000400
000600080053200006000040507009020000060971040000050300706010000200009170040002000
007500008010300005400080300060000007030147020700000010002030004800006050100008900
608001000100029050040800700700000000006304900000000006009005070080740009000200305
070006500100750000006900087740000000018030750000000031390007100000028005007100060
090200000008001400000308026300006270600000004025100008850602000003900800000005060
000000800097068400200100590060820000000000000000049020083002001009680750004000000
010280000000009120342000700000802600000090000007103000008000547073400000000051080
000610000713295000060008000000000509940752083302000000000800090000569347000037000
080406703600000000000010260000007402800504001702300000051070000000000007907108050
004200035100058070900000000043075020000000000070930540000000006020840003310009400
700020000200004160030506800000000086007000900610000000002601070089700003000030008
801004000000100000050706002306007005024000630500300701200601050000005000000200907
006400089000000700800197006400008070700509004030700001900874005007000000540001600
100800030000769014600400002020000000800207006000000080700004001260578000050002008
400000600002840500030009000570900000200010003000007054000300020009024300008000006
000870004540000000200094700060050049000000000910060030006980005000000062800025000
000000803020000040703008020000240008630517094100093000080900307010000080506000000
080000000204010000590023000000092306710000054603140000000380091000050603000000040
000050000701026400000000087089600004500040006400001850160000000003760201000080000
030045080000000005006802900040013062000000000160250070009608500500000000020530090
040005300000000098100003607015604000600000001000501280407100005280000000001800020
500104200028030000900007000000000017190000064760000000000700006000010520002305009
005000000030050098002100075400823000000000000000917002380004700620090080000000400
000004012000093040000270000700000096640108073830000001000019000060430000450700000
100007240040205980000000000000300008602000704300004000000000000068901020093500006
000000070296500001703010200000007002320090086100800000002080409900005127050000000
004320000010000000000050017060007140005642900073100050940080000000000090000015400
001020000020000703760008200070004005100030006400800020005400072203000060000060400
000000000000190560026050900007001003060000040900800200005010830012049000000000000
100603200007020001360000000000850000530000094000094000000000062200070400006201009
500900040610070050003500000000000003009312800200000000000007100050060072020009006
010004200039610000000700000068000024900000005120000860000005000000071380006300090
020007453700000000008090100000400900305010704001009000002050800000000006683700020
765408200300000000090300000031907500000030000009804320000009070000000008008705931
210690000000007600080000030050300004040010090800004010020000040005100000000085023
000000090720060080000009206005190400000534000003026500106300000070010032080000000
800020000034800000000506700005000020020903060070000800007408000000002670000050003
000362000038900000601050300006007048000000000910400600009080104000009250000546000
000000900004290001208300004000530100500060008003048000100009803300026500007000000
005730000340000006020000810006403000000090000000805900079000040800000025000017600
700000000049070300820906000090500000004839500000004010000103059005060780000000004
607004000800000002000008401900270010000309000020086009306800000100000007000900308
060028940402050000000000081000003600605000409008600000310000000000010703057230010
000100700000760095000503620020000510700000002098000040061308000830071000007006000
950010068602850000000007000000500740005000100091004000000100000000068501310020084
001095308900080017703200060500029000000000000000170005070002901290050003104930800
000468030500200000000005809402500008008000100100002407304900000000001006050824000
570000000000800090004007000001750004840109075900084600000300400020006000000000019
000054780000700000004080106205000030010803020080000401306090500000008000029610000
079080003008065200000007090000003700030479050006800000060700000003290600200030910
080050709001000000009208500670009000000562000000700093004306900000000400306040080
200000067075940200000000004907600000060030090000008605100000000009025180830000002
702308901100000000905700000000100600070205090006009000000003209000000007309602108
000700130000021590000000007004059600050060080003870900600000000047210000029003000
006001400000020603070400000500840700020109040009037001000004090203070000004600800
017200080040016000030700400100080000002000800000090003003005090000970030090001670
006028700012500000000001000040000021057819340390000070000900000000007250004280100
700000000000300100098004020069530080004020900010049650070200860003001000000000005
004503870600208000000070004070000063103000905290000040400010000000904006039706400
100004035000569200000000000060030800042090360003050020000000000007681000310700008
400000036000304700000000520900240810000030000028067005097000000001403000630000002
706008200400005900000000010009300004000106000600004800030000000001500008005400107
760008000001002000589600002206000000050040020000000609300009854000100200000800093
080600270070005640020071000003706010000000000060108500000430050038500060054007090
930002010601000800005004000000051090103000608050860000000400700008000102010700084
090030000082700004600000050004093087000020000870510600040000008300001420000080010
920000000050070000784001000005408001600050004400209300000500927000080040000000085
907080620040005003008960000000000090092000370060000000000093400300100060089020507
000170000010400005503090000000050032005917600640020000000040207800001040000032000
000009000700000020386200004005130400090070060003082500900004637040000009000600000
080000237004700600700009018000800103000020000605007000270900001009003700341000090
600502000517000040009600001000067000006305200000280000200008900070000823000903007
000080300000406010074003062907000000480000023000000607810700250020108000003050000
000070200400008305000600908097000001000010000800000450208003000104900006006040000
207008050001470900000000001060700000090605020000004060800000000009061800020900504
000000500003470001100008070016007450000040000082600790060200005300096200004000000
000004000021030006530607000260300400000000000004009038000501093100080520000900000
906000030000000002000084760000890000253040819000015000049650000800000000060000407
930000200067400000050063000000090600790040025008020000000930070000005910009000082
000090300002700600000160008397000510000000000085000746400031000008004100009020000
306109500000060009000005670500000400004607300007000008065300000100080000003904206
004003060100000000002050103200800301600000007403002009905010700000000006040200900
030000009700500000001082050960300000000020000000004028090150200000003006500000030
490000000006200900070500008020300000041050890000004050900007040005001200000000079
907005003340000060000002500600010000080403050000020007001900000030000094200600301
004067900090080004100000300610002000000518000000600038006000003700040090002850700
954607000700000000006000073240000001000941000600000097520000100000000008000106735
000600010074150009100000000710030205000010000906070041000000004600091570020008000
900012030801060000000003009084600000006070400000008950400200000000090205050180003
980500100500082070024000000000003040706000801090100000000000250030250007005004018
020030040500460083003000200000009500000528000001600000008000700690073001070090020
090000000100000000500796010040009802009538700708200050070482001000000004000000020
300065240000700090020000700900000020037040160080000003002000050040008000051930002
009005480360000002500007000001028090050000060090450800000500003900000045045900100
000000600009008570070000042600094003090613080400870006960000020035900800001000000
020900007000304001480000200150000030000172000090000078005000014800705000700001060
047630000009200700210000000700005100090861020001300005000000069004002800000056270
800000500029308170005041000000700000040090050000003000000830900093407610008000007
047060000002800450500300000103000000070000030000000709000009007015007600000020810
040800000002460087000702400000000830800050002059000000003206000910078600000001090
012350000076910003300007005001030060000000000090080700100500004900043150000078320
004030008000904601000200500065400700000719000007002390002006000306807000700020400
000009058060810000080040009042000700609000503003000490500080030000056010430900000
600903050004060000100200003000020004001406200800030000700002005000070900030608002
800900006200007000003060400008040600040256030002090500005020700000800009100009005
624000000000030041000800025040090010700000009010050080460007000890010000000000932
810600000406270500000000020020804000001060400000901030090000000003047209000002054
071090080900001300000000005000600070038402560010009000200000000005900006040030890
800090007070008420001007098600000000002080300000000001120600500045800010300050009
000000003003200190000130250406900020007000600020006301051072000069005400700000000
067500000004070103002100000008015600600000004001940800000007300405060700000009240
000056470000700002401200060003000004000504000800000700020003508900007000016820000
001009600025010000000300010059870003006405800300096520060003000000060780002900400
000005060090000008704001200060310000009000300000072040002700409600000070030400000
000000200400300000030109057010904500090538020008201030340605090000003004001000000
000750034103900007040000000020030906070000080906010020000000070400009605710064000
400279060705008300000500010008000050000107000060000400080006000009300206030792005
600708900007200500090050001040000697000080000536000010200040060004005300001802009
004610005000708430670040000503000040400000007080000301000080074057409000200075900
103007000290160000080000000600230800050000040009085002000000030000018025000300409
050010290603800000042005000000000600009473500004000000000500960000004702026030010
000000097058001006300004500000058960000000000062170000006500009500900480430000000
082000490700005600006400007057600000000504000000001750900006300005900004071000520
000000745000010080350000000000942800007605200006371000000000064030060000869000000
090000000008002000000580097602100009980020056400009108240013000000600800000000040
030205000007000010400067003500400000040608090000009002300940005010000200000702060
000000900080000010309500087924100000000060000000009473490007806010000090003000000
090000000000097064003480107810000000004000500000000012901026700270310000000000050
000010070603400209078000000064090000700050006000040730000000190107009403050080000
100000806070300005000005009000008002030946010700200000200400000500002060607000001
000000004000402370000510800210000067300206001690000083004051000083904000900000000
906003000002710060000000340000082009009000800400970000025000000080041200000200601
320800090400000000070000108000030007084627350900080000503000080000000001090006075
039806401100020000050701009007100000040000010000004900200003070000010002603207580
569100000080004000000700005005007200300549008008300700100005000000800030000003126
000070109204301000000000800000003020400516007050900000005000000000807603806050000
000000000001532000080617005705000090006349100090700208600254070000176300000000000
050000020000001760009862050000008003506413209300200000010926800063100000020000010
001080700350700000000500109900000408005809200802000001408005000000008063006020800
000000007200000810380120040000004056000286000460700000020095073059000008100000000
008020003000000020000358067000200401340701056201006000120974000080000000900010300
605800079400103006000000030800000020057000380040000005060000000500309008780004903
704300500000000002005006080091000200500862009006000850050700100400000000007003408
000000006039046200060905700800079400000000000004850001001204070007680510300000000
800006240031090000000820000400001750006050400013400006000068000000040680058300004
709006000050403000810950000063000009100000005200000670000028046000709010000500207
920760400601000000075009000008004000040507020000200900000900180000000307007045069
000460023080030190000000000009310005005000300700049800000000000078050060260087000
980500000063089004004000500005068000000305000000740300002000100300490250000007063
310000020000009000059320008000200030040983070020005000700062390000700000090000051
014980500900002000006700000050008004200010007400600080000009600000500008005031720
090000000301906000020000160250040003009030800400070025086000050000805406000000090
009016032600005004000300000056400000007000200000008610000002000900500001480670300
090750600070100000020043001800000014000831000150000007900310020000005030004028070
900103004480200000007090000173000000060000040000000673000010500000006098500402006
006030140000000008000009500014005030300060002070300480009200000400000000068010700
140000806800005010000280000300500000007196300000003002000032000090600004508000073
907406000008000000004091807439008000000000000000200913102350400000000300000807102
652090470009000000000002690500070000801604907000010008068700000000000700045080126
107260003040700000060005100900000256000000000682000009006300080000006090500092604
040003970000060204000005083000020008038050420100070000820600000305040000074500090
008600075034700009070000600000830000050209060000047000009000030700003850320008900
000900000000068340100007062070080100009030700006040050640300005035870000000006000
400000000930162000800007020590340000000000000000079031010900006000723059000000004
000001000009000871080000536300587000900020008000139004516000040823000600000300000
700090015000000600019600320000920000506000709000064000051006270008000000640080003
000048060406000000021600030100900070008105900090006008070003410000000703010890000
030182006204500809080000000900300000000478000000006003000000070807003405300751060
401000805208004000000060200500300008006000300700006001007090000000200904809000106
000400265200800000009200080097000006600030009400000810070009600000005004358004000
006005000001230080350070000402000030080000050010000207000020046030086500000700100
000864007010000000004912000000000382860090051435000000000735600000000010900128000
809073000600400000042009008000000460700000001058000000200300510000007002000160304
380400070700091060000000005070000600054080210008000040800000000090850003060007081
805000360307000000090800000000040905050179080901020000000007040000000207079000103
170900003000200007000070850060700000490563071000009080016040000200005000300002018
000107035730900021005000000009008000053090260000400300000000400960002073310604000
100040590004100000000006074010000960508000702093000040680200000000003600025060009
000600700000030006097405000084000670206000809039000410000803520500070000003006000
713000009000400100040370000600003050800000006090600004000068070006005000200000681
800400300004907080000000060002070019400000003970010600010000000040603200005002008
000004000894000002370100040002500008009702100700001300010003085400000793000400000
000800970080005360070040000930000000008723600000000032000050080054100020096007000
102900000070008000003250000907040002300090004800020103000085400000300010000009806
030000008690200000020305460060000001700192006800000040082604090000009015900000020
092001006030000750000008902000075000050010060000620000901300000065000070300500290
120300050000000006479500000003290000004106300000035800000003172200000000040007089
100800000300490000400063709200019000030000090000680004507940002000025006000008007
004006390000000000000500806500090702100205009809070001306004000000000000075100400
800600000703040800090700000049300500307080109005004230000009050002050401000003008
060008000007500000400090082000080130003716900096030000720060003000004500000800060
000473000904000000016029000050200090100040007020006080000390160000000308000862000
000060000030002590740900800402700000009000700000009305003001056024800030000090000
600008090030000000092703000009000500070145030003000400000409750000000080020600001
004001000000040602300006010103075400000000000002160703020900007405010000000500200
580001040300480000010006200750000000000598000000000054001800060000012007090600081
000730000023000001000200060068001203000060000701800690010002000200000980000075000
304002000000000002260005800000080053058304260130020000007600039500000000000200504
014006095000090700000000001009084120200000009037920600400000000005040000680100950
840010500001000009300200080000805000006000200000306000050002003200000600009070042
050000730040090108007630004804000000000948000000000803600029400405080010019000080
000006040000007206102500030000000104490070058603000000010005609706900000020800000
020309008084000072100000300000004001000050000200100000009000003560000210400507090
000000473000005006200300050080004600002136500005800010090003002400700000378000000
020009300397080000000000092700003006003657200900200007480000000000030451005400020
300070200490003000000001038900007300000509000006400001610800000000300094009010006
084000700610009005709005000000730000840000013000012000000200304200900051005000970
000000100010030004007002300700508010083060290090307006006800500400050070001000000
030007600200010000500200078000006207040000030102800000890005004000060005005700060
700000306090032450008000000003900002004070100900006800000000600069120030807000009
009008570800000002004900000002005007017803450900400300000001800500000006048700200
103009050090700000050004010000005032005010900240900000010500020000003070030800104
000200000048970500000050001400100020003000100060007009600080000004036850000009000
004560000610000000205041030000008016030000020150200000060780201000000058000052400
006200580000050010000003004019008045500000008470500930800100000020070000041006200
590000003007685010200000000050096300000050000002740080000000004060429100800000036
730062000028710000900003000109000070307000108060000904000600009000094780000150046
000520000000070610320000000150200090003000400060009051000000089081050000000064000
000100246205006809000000075800940000500000007000081003360000000109300608758002000
004006000000000094000790020030052009500103002800960030080075000610000000000800700
060001000010008963005300000020490000800000002000052030000007600472600080000200050
600410000000002004010005000506700020072381640040006703000600010400500000000079008
000000317400200000008000000069030050007108200080020730000000900000006008342000000
026090030005703000000000056540000300069010240003000095970000000000408900030070560
000000007000068000089000430830001042000080000450600071023000560000240000700000000
504092010000500007900000000002060003010040080400050700000000002300009000060170905
003009000080000050040007981060040002700000004400080010327900040090000070000300100
400000000007034560053900074500702400000050000002409005210007950036540200000000001
010005007000000300304706900600000703001070200203000001007204506002000000500300080
000003001037000085000800020000000049043050870890000000070005000380000710900600000
970500001010020900452000300000260800000701000005083000007000598006070020800005076
000900010920008000006004080740080609000000000209010057090200100000800065070005000
092006800705409300080500000900000007000697000500000003000002010007905208008300790
030200008500008600800090701205700000000000000000002309108070006003400005400005030
090308000102000000030090071000405300500000002006903000210030050000000907000502080
000500008200370050000120900002000019905000402180000500006081000020069007400003000
901058000000040090000100006003780040400000008090021700800009000050030000000870302
000020400000407190000800005680900530005000200074005061300002000029108000007040000
050900010001047059200105060000000170000090000083000000090708001320610800010002030
500062040000000000021090657300801000007000400000906001653020710000000000090510006
780040050024000900560000008090401030000203000030605010900000021007000590050060084
000700000090046580300089206030000008004020700800000090409230005053690040000004000
360000950005600000020000080100049200053060490007230008030000040000004500094000063
950320000070008050000000309500000081007030500280000006305000000010700040000062013
802000040000000008400027950020060000007932500000070020081650003600000000030000105
008000030000701004306250000401609000002000900000107406000016309600503000030000700
120006000000000506008740000004800005200401008500009100000098300609000000000600051
206430900031000020850000000000070040600503009080060000000000094010000280005089601
186400003005000060004300028943000000000109000000000239310007600050000900400005371
070005008035000021490100500004310800000000000001058200003002057940000380200700040
193008200000900800000000056900080600080603070006040008320000000009001000001400395
000000850080004002046090000050006001000070000100900080000010920800500070037000000
029861000007000000300000008008670000075109820000085300900000003000000100000397250
000000004047003905600070000000081050005642300010390000000020007809400160400000000
000003000000800300038400006097601032020030070360209810700005290004008000000900000
690005000023970000000001400200000900570194026009000008002700000000059280000400071
100000400000009300080001060040100007310528049500004080030800020005600000006000003
040025100502160000000000000050010740180000093034050060000000000000081904001430080
000094000208000014500700000004003005070050060600900200000009002410000603000480000
180703000650200000090008070700001300400000009001900007040600030000005048000104092
305260000840730600000000090290000030000040000060000045080000000001026058000091402
000080003000104600010370090800000036470803012620000008080039040007608000300040000
214390000000000000580600090800001009076080520400200007050007086000000000000038752
152000890000000070006080004040003001003401900500200030600090700080000000029000513
010960070000000001007001050000004029401625708820300000050100900600000000040059080
086920500400000000000001320000075100060492080007160000054600000000000008008019240
000004853050000000407003000000000320084020760065000000000400201000000070671200000
300000000210300005547090000000002706100030008806700000000010597700004032000000001
000070000300405800040210003250000089006000700710000024400056070009301002000040000
951600000070400005000005020006010400097306250004050900080500000700002030000004597
035070900407000000080100300000005030050080060070300000009006040000000108003040720
700040980390000000002500000500409008009807400600302007000005200000000079075020001
700006800000300097980204000002000005019000720500000100000803056340005000006700008
000000004089700000060090130047002001000060000600300950076030040000005610200000000
008520040000040005500300700007000003024080960900000500003001004800050000010062300
700019680600040000900200070093000000086090710000000920070004001000050007012730008
000004380040800002000002097600050170000000000059030004470900000100008030063700000
080000059120806300700000600000004093000030000840100000004000002002305016610000030
010000000005201600600004007086000070000109000050000260400900006003402900000000050
724001000500000000000007243002000006030060080800000900341500000000000001000300759
504600090090080000603900000000003005006249100200100000000005902000010050010002804
760013240005090080000200000097000002100060003300000410000006000020080700013940028
000405009004090037000000080002003075150000068390700200060000000710080400400502000
006350900000000063000000108503090640600402009094010807309000000720000000001029300
002100004900000000015302000000000760060471080087000000000207390000000008800006500
078104900053006001000000000300600000046000150000002006000000000400300780001805640
000009005230000097570803000000000068003050200960000000000605071620000043100300000
700006040060904810008020006000069100020030060001840000100070300095408070070600001
001080002340500000907001000035020007000000000100090630000700801000004023500010400
001600000080049537900005000000000402008472300304000000000200009479360020000004100
040000000803060000000300028006071809030209060901530700610003000000050906000000050
041000060500009007700400050000001243000030000328700000070005009600100004080000570
680010007000000000001507980107400000000906000000005703043609200000000000200080059
162700030900030000005000006070045600000000000001320050300000800000050007050008493
017860000030240600500000000400000800070309060003000007000000005005038020000017390
000005600540080000903100000400000078809000502210000004000003106000070083008500000
070000000403078000000140037710002050005010900040900016560031000000260305000000070
901800000030000001806430000047000002590070014300000870000063705400000030000004208
400075600000000510100060079734500000000080000000007425970050008085000000001820007
506400700009002400800005020290000000000681000000000074070300002004200300002006109
700850900810006000002000003000140060090000040020087000900000200000600095001095007
000097003020430900003000800001500008400000006600004700009000200002063080800210000
800100000930000120064020000000037900300000008001240000000050730026000051000001002
000098300078020040000000050001000020040185070080000900020000000060040290009760000
006310000008900000501000480000700690000020000067009000035000701000004800000072300
005407000700020000294100000010000083006000400480000010000003974000050006000201500
128640090006890000000000000003000074500903008680000900000000000000069700030015462
684003700010600080050000090000201670000000000096304000060000050040009060005800231
000350000100290605503001000820000750000060000031000042000600408706085003000024000
007209480582000000000000000000008061070961030360400000000000000000000743046802100
700900540000005100050000006000049001460030092500760000300000060004800000085002009
010023800000407100800000062037800000900000003000005690450000007001304000008570040
901204600040000000506703000050030160000000000019050040000107504000000020005608709
450000000037002000000754000003007019024000370570300800000213000000900420000000091
700000004000109700000000690040312870000090000051647020024000000005206000100000008
500107000067045000009000000400000930706010504035000008000000400000760890000802006
090001080008000020060040000001206047900437008670108300000070060030000800040500030
920073080306000020000000000090002340040050070037400090000000000060000201050140069
610205080200000100000007042800009200000070000003400001430700000009000007080502094
008002900000641700000800061100000070050000090070000006580004000004286000009300800
001003000500000800004800127600500000083060750000008009725001600008000001000400900
806200000320090000000000125000300050709000806040006000198000000000010098000008502
000264008090005006508090000000027043000906000970340000000010207700500010300472000
085670000000000200030400008369004000000080000000900317500006070006000000000027890
800600090000004506306020008007260000003000200000015900100090305709500000060002009
100090000020000415000200060080005003350746082700800040070002000698000020000060001
010052000900008002080300000436000001000605000800000639000001040200500008000270060
750406200906028000000000000070003002063070840400100070000000000000290407002607089
000000501425000007180009400000904068000070000960801000001400075200000149804000000
009200040200500100050407620000000068000050000320000000015904080008005006090003700
000870300000000000080300012700026008008090100600140005920007050000000000004039000
410000396000080400000003008600020100030607020002040003200700000003060000796000031
700015000005006001090300700000000320002000900054000000008003090600900400000170006
006080190000905600090060000007000002950030086100000700000010070005608000043050200
852006070000000000070082900060100080000238000030004020007840030000000000080500762
006007000003065040900010000290100007060070010700004096000080009030620100000700800
200000100800900000096015000008160029020000080310072600000280910000007004003000002
190003002000000300300000405020750031000804000870091050205000003009000000600100049
017060004306907000050003000000001327000000000732500000000100040000306702100070580
000000028000972450000500000070300001120060075900007060000006000068423000510000000
500000060080490070007005900000007108000000000109300000001700800070042030020000006
000006070000040028037208590000004030200000005050100000085407210320080000010600000
370900000000000700890076300020010003050309020100020070009850061005000000000002094
070000000200095000005004010067000830840010097091000420030800100000340009000000040
300000400604120000020000030000005064013080950460200000050000070000079503007000006
000209006000084150009000200208000030010807090090000608006000700024130000500906000
054006790000000005310000040000059200007000800005260000020000037900000000041300960
420680090001300800000200030000010025000000000980070000040002000006005700070038046
000080050081500009600701008920000000007000400000000016800206003300007590090050000
000900013900700400000004006610320900000090000009046032800400000003002005760001000
600500000300020700080010254108200400000000000007003801416030080003090007000004003
100003000700260050068000900070300108000704000903001070001000760020096005000100009
006002350090000160500009000000006704000718000708200000000900008019000020042300900
001020000234000000000406300000850043400000008690034000009708000000000759000060400
000590000028000000070028001540000800790000013006000024200710090000000340000059000
000400000002030000690780024800000005250613089300000001540096012000040600000001000
971030006000000000004002301059700003040000060800009710508400900000000000300050148
008900000000300108900008250103000005040836070700000302025400003601003000000002500
000050000800310005400000361200600500000807000008005007954000008100068002000040000
000700000620000050480960001059800000300000002000003760100059087070000046000008000
008200000390010000500008740430100000029040670000002034074800005000060087000007300
000070030700400008689100000300500260000000000072003001000001986200004007030050000
000042570000500800003170004079000000800000001000000760300054900006003000042910000
104900050007040013050007040093600000000000000000009230040200080560080300030006704
150020000026070009008500000090000106007000400501000080000001900900040270000090034
000000048000054900000100270800090307023000810109080004017009000008270000930000000
013000250005702000900000600092008004000204000300100720009000002000807400031000580
000006375000080021000007900080013500400000002007460010004900000860050000931600000
085000306300060100000003000230087040000409000050320079000600000001090002502000760
804920006003010908500000000080007005000000000300600040000000009402050700900032104
030000260180000000000003089006928005000000000800471600710800000000000056098000030
940030000031004060600002080864000000000060000000000652020300001090100520000020096
006152930000000000010000406009407060050060040080503100507000010000000000031749600
000000900000036200326700008400008730000000000081300005600003891009810000002000000
000010004930480000701002000586200000007040500000005278000100405000054023800020000
070160002000000000009800065000700080006509100010003000590001200000000000300027040
000000903200869000049100000020030608700605004604080010000008490000912006302000000
020000950000070000600908000700004890030080070052700004000307001000040000019000020
040080009076004000008051040009200800020803060005007200060570300000100470700030080
006400000001000003730610040310000000005020300000000084060074039800000400000006500
000000100000060072190002008903004010008090300040500709800200053260080000005000000
700003000090057630560010007004300080000000000010005400900030028031920070000700009
189200000000040701070060003000800300800090004001003000900080050504010000000002946
001004859000206300007090002758000000000000000000000783100040500004105000285900400
002000000000610007090400060400008100068000720003700006040006090800052000000000800
000000430600010009507000100040370000009425700000086040001000308900030001082000000
000006007000008260301000000005700014004815600910003700000000108047300000200600000
609300080030000000000009310900080200050204090001050006095800000000000040020001705
007000000800040000031507042305096000000000000000270903460305720000010008000000600
430500897819000000000000000090340200040000070008025040000000000000000736284003015
100307008074800000000060000048001900009573400001400520000030000000008710800106004
180600020407083050000900000390000602000000000806000091000009000010560908050007063
000720000000300700010000045087002490900000001054900820560000080001006000000037000
000034000008691003000000890860002130100000009042900085091000000500189300000740000
602000080030000000400520000041008300300742008007300460000054001000000090090000807
602050800791000000004930000007002000100000006000600500000028700000000382003060405
600005001300104007000000400050030102210000079709020080004000000100207005500900003
500870100071000800002400009700900010000030000060004008100005300007000450006013002
809016000050080002000004000201090000083050210000030708000900000500020070000760509
170300006000900500000016000001030975000000000487050100000620000004003000500001092
700900021908000000030007000200001547000408000149700008000800070000000306510004002
070000405800000000000164000200790600600201003001038009000319000000000001903000060
006300500000008900800001006600003820002080300048200001700400002001600000003005600
861400005790001080000000000005620090080103060020049500000000000070900021900004758
060783040009400000003000100300900004600050008400007002007000800000002500020579030
500230980030460000004005200000000840060000050083000000009500100000023090051097002
500000004000004170003050608600430000000971000000062001807010900069200000300000007
900083240000000000030412900074608000600000009000705460009826010000000000021350004
002045010800700009000000000040060807900020004501090030000000000600008003090470200
400070009250000000008100450600700020100329006020008005073001900000000083800030001
080000007009060580360007040003020000000501000000040100020600015045090600700000090
601500000000002090300000600006208079010090060470601800003000002040800000000005704
000500100001004070900800503000006208007020900802400000704009002010700300009001000
000075030701300060000000000005002107002050600109800400000000000080007905010240000
089010003700000000000690700030000879507030104891000030002085000000000008600070940
800100600190360000603000050006500040700090005010004300080000407000031082007002001
062070000000000008000006970081600050005934200020005740049500000300000000000090410
670094000094300000000000809001000060057608390060000100109000000000001530000270081
005700000000005083000098720100003000790000031000800007016950000980400000000006900
080450003400000780090001400200080010000125000060040007003500090016000004900014070
000000000009308500008094076090500004020030090100007050970850200001209800000000000
012000490000003002003000870000350000008104500000029000026000100500700000071000240
806409007000000000050010980200000600000351000007000005082090040000000000400706302
510000009920570000034008000805003020000010000070900603000300570000051032300000096
000000009001006400340807200007000001010408050600000900002903087006100500100000000
109280500030091000000000600050000400620000015003000020004000000000810060006053902
062000000390000756004906800000400009070030080500009000006301500437000021000000390
300400001401079608602050400014000000700000005000000140003010706106720509800005004
006400320000061040000900000008000504095134280201000700000003000050740000012005400
018000900906050007200000080007260000090573010000081700080000003700010805009000460
000092000800570400095000100002000006304060201100000500006000310003021005000930000
005002400030000090174005080810000000000361000000000035060500742020000060007200300
109000700000800000034000920000090270093206480028070000012000890000007000007000103
007053100000001005000260070300000209058090340609000001040037000500100000001480600
051000000070420010240030700000071083000903000310850000004010068030094070000000430
503082000400900080000000170209800000000269000000004905034000000080005006000310407
900080030000300258000002460000008040000527000030600000046800000821003000070040001
000092743000007180300000000000270090004906200080053000000000009043500000296730000
000040050500006100060100002300017000026435870000680009200001090004500006050090000
760100000008049000000800009930004006010000030600500097800006000000290100000007045
100097830900810000000400000090000700850000093007000080000002000000069002061730005
013090000005002000080070030100000408000406000204000005090010070000900300000040810
000001390071000025000200004000702459000000000984305000600008000740000510093600000
070804010000020005800000000400681900008030200003207008000000006900050000050708040
020780600006003000380006090790002005000000000800900034070100052000600300005078060
080002430045000000001700002019040008000000000800010940100007800000000390036800070
008000002240000060010640000000270001050000090300085000000064050090000048500000600
009500000060000090000006710010040900500307001008090060025100000070000050000008400
700060005090003000105400000309040000062000740000070908000001309000200080900030007
000360450018000600000009000002600001750010086100008200000500000005000390037042000
000000000005038006800004279007160004080000020300085700452800007900640800000000000
105090030000005801000080400400000920200000005039000004003020000504100000010070603
000201673000000041000000820000910007070326080500084000097000000840000000632107000
900000000008073000017062009001005037006020900790400600500280160000310400000000008
080300100140059008006087000000004012200000007470500000000290700700460089008005040
124300600060001405000000000010020000705000201000070060000000000609400080002005934
000600492000800000245000680900004038000000000870200009063000854000008000758003000
000000008000327040403805700007030810000000000039070200008701504010684000900000000
000000000000083006007200805050007092040951070370400050105006200900340000000000000
049870600000609507060000000000200030002403800050008000000000050201507000005041280
000040003304025910010900800000200060900000001050006000003009050061750304700030000
508000000060900000094001006280357060005000700040192083800600490000005010000000307
900005600050300090100400000002507040409020306060903700000009008090001070005600001
080061020000900000000032607030000079640000082270000050408710000000005000050290040
190256008000100500080900000004035020300000005050490100000009070006008000900761052
400030800000100050008700206064028005000000000900410630605003700020001000009040002
090000002004690005500170004030200000005000900000006050700063008800017500600000040
000090000007362008008705390046000003003080200500000680034208100700146800000050000
000730000000000091510008043200009030006040500030800004920600085380000000000082000
000010824201000605000007009409076000003000700000190403300700000507000901948050000
010008002940000058206000900070034000001050800000820040005000307790000085100500090
010006093000020140000090507000005908000000000805400000609040000053070000480300010
030470100071000080500002070000200800000357000004008000090800001010000360002091050
008900052040000036002600018200050000000184000000060005820006500610000090590003600
000060000006730001810000004000026400260405038009370000300000096600042800000080000
180200000906300020053000010000902800800000006009607000060000950020009407000004082
105740060000100003070000050020800007603070508800004090060000030700008000090067405
607002030040006800009004000406000370100000008072000906000900400008400020010800607
600000000100007008040090520009600052200070004760002300026030010400100006000000007
100006308090400000005000600061020000004603800000050230008000900000005070403700002
000604000000028503200000014000000840100060009032000000490000001703490000000107000
000100045206003100000900000007000008480000039500000600000007000001400203340005000
000000304000720010100060080429080000000000000000070246060040005090013000508000000
100000460630001708005000000000006905906108207708500000000000500504200031061000004
080500000000038900009007006000000041050801020460000000700300400003680000000009010
009000000003108006600490070000500300810000042002001000030065004400207500000000600
000095100730060000095000300002600010100000008060002900004000890000050067009780000
407003005390000000000027900083000000060030090000000150001860000000000021900200506
007809000002001940000000003000500009301496208200003000700000000014900800000602100
020005100000710200100000076000009620460030087097400000810000003002081000004300010
000400070056030100004582000000008050028010760060700000000276300007090280090003000
007530040340800090008007000000005100070302060003100000000900300030001058020073900
053070009000008100800900002009500407000000000604007300900006003008400000700030280
790060000000000000328904060200300410086090730034007006040501693000000000000030024
182030000000004080000010005060000001007608400500000060600050000090700000000090378
000090450000406000700080900610079300000000000004130026009050003000803000072060000
750000002096700400008003007000100006000952000200006000900800600003007120800000093
029300460100006000000020005000900650090000030056003000800040000000200004064007210
004000085100500400000004002940700000018090730000005049700900000003007008460000100
370640002010205800200000040900800000002000700000003006090000001005306070700084053
000000006080417020031090000000600702003020500807001000000060290090345060400000000
006300840400098200090000070200010300000000000007050004050000090002530008039006100
000000000000015406002800790006000003100956004900000500081004300509280000000000000
000025860028690100010007002600000470000000000059000008100700080007031250062580000
719640002020500000000000004007009020800030005040800100100000000000005070500021689
000000410094700005350000000700180500000203000002079006000000052100008930046000000
080609000001040000006700005403000681050060030167000502600001900000020400000908070
000070040961540020000009005000002360500000002096700000100400000080096457050080000
000020810820900000000004207000002050410070023070300000504200000000009082093040000
000000000000067140000001608800030456650000089934080002308400000045270000000000000
070560009900000050005049000800004600006935200009800005000790100090000004200058030
000900056007000008600200000000005132080000060259100000000006001300000700790002000
090002070000600000042837000084000019905000403310000560000375840000009000070400030
000000000000050369970001004100604200000070000002108003600400092459080000000000000
002000300000079000350006009170690000000407000000038095600500021000960000003000600
000000028002007603346000000000001079005040800160200000000000436204300700690000000
001000000000006283000000709002500040009273100060004500903000000854900000000000800
807000004030000000000930020001850003503010702200076100040098000000000010900000405
003001050208000000009200300061300000800000009000007510006008900000000203080100700
001609000860000000200040906004703080000000000020508600607080002000000019000107800
000000470040200000005014030200800000008753900000002005090560200000007060027000000
400800079300490800008000041000500020100000005080003000870000900003041007210008003
000070008700500060000001030005020007062050940400090800030600000070002006600080000
007100050000000600000850004039004800040090070002700430600042000008000000010007500
008001000007003190400090603700009000089040710000700002105020007073900800000100500
000074050250000094408000003000200800000519000001007000600000307180000062020460000
600091300000040080030807000013000005780000039900000210000704020060030000001680004
020005000590200004600800025903000000000437000000000207480003001200004093000900050
000000600102470050000005270700081000200754001000230005024300000050047802007000000
001940300000000006008075109005064800000801000004790600203510700800000000007089400
000000200070006038450820010600070000000305000000040002020067053130200090009000000
067005010000340900400700050014007000000090000000500460020001009005032000040600730
000000030043500026070690100104007000020050080000300204002035060810002370030000000
006070903000123000000000010060090300083602190007010060070000000000457000209030600
000000700050307100467081032700010203000020000804030007240670091009802070006000000
190000007300004000000170530000900005058000210200001000024083000000400006600000053
050800000000030007000402190047000630090000050081000270038605000600090000000007080
000000410800604300060300005040000002030261040600000080100008090004902001097000000
008090030900008700570213008000000510700080006059000000100467082006800009080030600
860500070003000000047380590001093000000804000000160900075019480000000300090005017
546091320000654800000000000100000050300402009070000003000000000002149000095380142
000407200700690081001000000002700000600030002000009400000000700290064005008203000
000200000580000000000930804018000035200159008950000260109082000000000042000007000
002003400830014000097000000020001060006050900010700050000000840000420073003100500
009280034008009600040036000031000000000020000000000860000910070007300500610058900
000010000103940080000306040230000500860501024007000098090403000050069401000070000
630100090400060005009000000000250670000803000073016000000000200100040006080007054
000000100000010082081230540000072030600000004050340000068021790130050000002000000
000000063200010009047009080000500024006040100170008000030100490400030002710000000
085900000000046708000500004010020500000708000003050040300004000601830000000001430
300007526060200000000060041013790004000000000500034210650070000000005080784900005
007000030000000506003240001000608700500000003002407000200089300901000000040000100
000801057020007000000040310030000400801070503004000060012090000000400070740503000
000048050007600020300200900004500007003000800100007500006002001080009600070830000
000008000030240007008100904049000103000000000305000780803005400100036020000700000
004300000000800417760000090052006004300000001400700620090000082247001000000009700
000807900300120000027060500050000001002501400600000070005090180000058004003706000
019800000200000008804005200400030006001908400500040002002600109100000005000003680
160030000005901700008000000003007004807050106400100300000000200002304800000020035
000002049000003100300701805650000000080030010000000097708205001001800000540300000
000690235040000610000000008830070000004106800000080054200000000057000040416052000
000003900030189050905002000010000800304000602002000010000400706040926080001500000
200001900360020400000070010800000500120040097009000003080050000002010056007900004
430000000706000003500040607007250000004060100000014700309070001800000305000000072
300004007920006030000003580000000070006509200030000000095300000080600015700400006
000000000607080000030042100700005009089127530300800002008350020000070403000000000
005003609000010080000000370001400790800030004063001500018000000050080000706500800
000070100000360090027900040100800000600040002000006004060001820080095000004080000
002410090360000005010000020100700900000060000005008007020000010900000083040039500
800000900050016020000509300060103400000070000005608070006301000040280010008000007
082306000160090070000000000000000012305702604620000000000000000070010029000803750
610000007307005801090310000073500400000000000009004170000023080408100705700000019
000008072070950000060007810058060000700000003000030680023500060000093040410800000
000000150200000070504703008600500000020164090000002004100309706090000001037000000