000000000000009802060437001000350076610020098540068000200546030409800000000000000
000000000000016257002340000806009002320080095500700803000095100934160000000000000
000000000000021509241000300009065073003209400510740900008000724704830000000000000
000000000000092064800050290000003857700589006458700000061040009540130000000000000
000000000000104539003070000010400002085306740400009080000030600674508000000000000
000000000000264009073009800030040605080020090901030040007100260200376000000000000
000000000000532070490810002300050010015040960070020005900075084050491000000000000
000000000003000279000620005602800907008050600904003802700046000439000100000000000
000000000003450060027001040300010007004305100900080002010200780060078900000000000
000000000005189004030640028054030000019000640000010370640071090500263400000000000
000000000006070000804900056903021508001000300605380907740008109000030800000000000
000000000006090038018000090090170042007203600140069070020000150480020900000000000
000000000030908005910067800000000590006432700081000000009610042300204010000000000
000000000031800200590000071000025380705060109023980000970000048002004730000000000
000000000070013508235000007010000085006108700450000010100000859504980060000000000
000000000097030004010056380065000000008070900000000560071890020200010840000000000
000000000100900058083507014014000000070308020000000680290701830530006007000000000
000000000200005190000800067310740908000020000702091034650003000091400006000000000
000000000201806054089100000000007401705000308104300000000002540630405702000000000
000000000290030106607100200020051400000904000001860090005003602806040039000000000
000000000300058270200064500410000080060402010050000034009830007034570001000000000
000000000300900407507400020900008052000162000820700001030006204201003005000000000
000000000500040300607100904030008400012365790006200030904001502001050009000000000
000000000570300108020018090842100000003602400000007283090520030301006052000000000
000000000648900270000018006304000015071030640960000803700640000039005467000000000
000000000804300067000246500985000600000010000007000839009874000540001902000000000
000000000900070082000100463010005304020908010306400020594006000730040009000000000
000000000962000300300901480000800200709235601006009000037406009001000738000000000
000000001000506700060000498209350080000000000070081904681000050002703000300000000
000000001000947300009500006000014002410020079800730000300002100005176000200000000
000000001001083200520007000008604500050090040003701900000300018005870600700000000
000000002062910000700260090500090070604000908080030005010073006000086510400000000
000000002200807150000020900400050239010000080792080006008070000054302001600000000
000000002301540060008070300005324100000000000003197500006030800080051207100000000
000000003085600000900104080810060070040090060090040015050407008000002790400000000
000000003500007619291000000000500097003109400750004000000000284912300006400000000
000000004000207006087050210005003000009872400000100900094020860700906000300000000
000000004006200000040850376060003007000000000200100080394086020000004900800000000
000000004090041073740000060000060092601090705520030000030000027910570080400000000
000000004672400000008936710009602000000040000000709100097164800000008957200000000
000000004700081300138040000604005000010020030000700402000060583002170009800000000
000000005000004300267058004000000082030849010810000000900170268006200000500000000
000000005004080230500060010009500086002876100860004300090050008051020700700000000
000000006005870200630025004096050010000000000080040620300590067009032100400000000
000000007085070001040000098000507100200609004003204000960000080500060340400000000
000000007302006000090800316068032000000409000000680170875003040000100205600000000
000000007386510000910000000701003060000265000050900203000000089000096721200000000
000000008620070351300004260106080040000000000050020106087100004431090027500000000
000000009025900000089420600038000000240000071000000540001038960000006750300000000
000000009309012700204800000500006002090070080700300006000008607002640903100000000
000000010032900800400071200800402900090000050004309002007190006001003540060000000
000000010900001304000385000760000530300060008085000071000426000807100006050000000
000000024000304008740600000016200009520000016900006340000002095600901000470000000
000000026700204010400010097009020070000000000070040600390050002040906008150000000
000000027827500000900800000008024000042935780000780100000003009000008261610000000
000000028600290100000503064007000015009000800240000700510307000004015006960000000
000000029000010400500923806095004000004060500000100690109456002007090000850000000
000000029600907100709800000040000200090402050007000040000001605005604003130000000
000000030000067904503090001005600070000000000070008500300020806809740000060000000
000000030000900702490300108020600810000030000078002060704003095302006000050000000
000000030200600001001048070705084000000906000000250109070560800900003004050000000
000000034008006590009750020000300000083609710000002000060078300075900200320000000
000000034809054000000003000120096700003407200008320059000100000000230801980000000
000000038002100004084600900000080041013060850760010000001005790300006400690000000
000000040001243800072500006200000090000672000080000003600005380003167500010000000
000000040003080000870140000600001074002495300490300002000072051000010800020000000
000000040800096005497005030000000056060070090520000000030600872200130004070000000
000000047005200006700060213000000030204736908070000000946020001300001400520000000
000000060000007920092300087520800000300060009000005073250008190081700000030000000
000000060000060258000038040006801090400000003020307600030680000792050000010000000
000000062836000000040009380000980007301000509900045000029400030000000458410000000
000000065520000090907002800009500000005971400000004300001700503050000041840000000
000000070000083005070902400002304900008070200004806500006405080900160000080000000
000000070200804000000000183007240096020908050390076400936000000000402008080000000
000000070300000004479300001006039100940060038008450700800005267600000005090000000
000000070390427000020030904031609000004000700000802430406080020000265048010000000
000000070500071908307000600000400030070215060040006000001000705602780004030000000
000000071007024500083000000579400008200030006300007294000000940004710800720000000
000000080002300195300000067050012000006543900000970040480000009621008400070000000
000000080004000006030042005062007000905000608000100720800670090500000400090000000
000000080007004630300200170004020060000607000090010400043005001019300800080000000
000000080300500906041060070980300000006000500000006097090050230708009001050000000
000000086000500701712000000279061000000807000000490673000000895103005000960000000
000000090000040130000905042000003071390271085810600000260704000081020000030000000
000000090094603000020001406008005240000080000057200100205300070000804530030000000
000000098000395470230000000000027004600040001700680000000000065054168000120000000
000000175100078260000000000040530001010802040700061080000000000061350002293000000
000000200000030047408900035004690070005070300010052600690005703140060000007000000
000000200057000003200395700000034001006000800300170000008249005900000160005000000
000000200400800000908600054010309720000020000029107060380004607000001008001000000
000000204003900008009210030140000000008000400000000023080056700200004800601000000
000000206350600000009508000800009070460000029090300004000103400000002015506000000
000000208003207050000083000006504021000030000840901500000490000020305900105000000
000000234712400600000000800000708000905000308000304000003000000006002193529000000
000000250000003401800251000050040302700605004309010070000569003203100000075000000
000000250834500000002100007000000120090802030081000000400006800000005746075000000
000000300002003005000060802031080007700619008900070160509040000400100700008000000
000000300005009007160002008004850003000090000200071900500700036300600100008000000
000000300030008469029603570000000053017000980380000000073809640652700000008000000
000000301200080007070500009010300060004060800080005010600007050700090002109000000
000000400000091028104800703500000030070609080060000005305006107210540000006000000
000000405070280930046300000000800600061040320009003000000008510014025090803000000
000000450000820090005103000930001000280000039000300046000209700020076000063000000
000000463000950000006000007609008005070000090500400108300000200000074000984000000
000000470008730000000500638009075080063040910080960700945007000000056800026000000
000000495106907000030200000000000208360895074708000000000006040000709806624000000
000000500000003046300856170008600700400000009007004300024385007610900000003000000
000000500690708304000130970009480706000000000306075200073012000901507023008000000
000000500964000000700806000000020710670090032091040000000104003000000254007000000
000000520000030000004672000790001036008090100130400058000816700000050000073000000
000000540000004002006501309080060490000308000067020030504607900100400000029000000
000000578092500000070400000009360001630000087400052600000003020000005160326000000
000000602007810003940500000306000000580302064000000701000003089700089400809000000
000000701020465300036000400000087000004356200000290000001000540003542080509000000
000000729247008000009600040005900000100306007000005600030002900000800165568000000
000000750000010426048000003000800005801435602400007000300000290512070000069000000
000000800001406000040380000500061040704030201060940003000058070000203600006000000
000000856300040000000800000068059300100607005009380610000008000000090003724000000
000000905067100800000860200076000004050020090300000620003095000001006730704000000
000000906029301004300009001002600009000030000700005400200100008800904150403000000
000000984300019000005080030000000806609874305508000000090060500000340001157000000
000001000000400002345060080600052104083010520501940006090070263200004000000600000
000001004000350020081290600060900000007105400000007050009013840030049000700800000
000001630000700000900060208800500020037010480010009005301050002000008000028400000
000002001600001080500039720040000006009010200200000010023450007060100003800900000
000002003000004091000895640073500000004080900000006310046358000190400000300600000
000002006578000002000180000050000013803915407710000060000049000300000974900500000
000002030607000000019680020005390000090000010000057800070048190000000607030700000
000002049000040700480705302000080957000000000259030000702803094001070000590400000
000002050000954800350008014400000086000206000610000007130500048006147000070800000
000002070000090138083000052000500061000941000850007000460000890529080000030400000
000002080800070506010000070600107020180000093030608005040000030903010002020500000
000002516000000870600307000003020097000070000250060300000604001035000000164200000
000002700062000040400000012004980000950106024000074300590000008080000430003700000
000002804045001200000065300070000020900104006010000070009380000001200930703500000
000003000004590001908000002020030804000954000409020030100000609600048100000100000
000003000095000047420050609000700002200506003500002000904060021360000750000400000
000003064379004002000000900060000048025000670830000090003000000400200351510600000
000003065000160087000002090270008501050030070901700028090300000710026000360800000
000003657600001002470000000360007500004080100001900026000000045500700008148500000
000003670000002054039000000000006085804501207250300000000000590590800000017600000
000003800000000061640000009100057300080369020006280004300000015860000000001500000
000003900000018005900020748512000000070060050000000129823090006600530000005200000
000004000000090061021503040009000403800000007503000200040805730650020000000700000
000004000490570002017980030704000000060107020000000608040095310600013049000600000
000004000609070340340005900030002007200000001500900030002500013016030509000200000
000004085000002009516007000007840090100000006040063800000400263400200000290100000
000005000007126400854000000485030600000000000002090745000000562008213900000600000
000005000173004060008960020000000340300000007016000000050076100020100586000400000
000005008000003415050004760200009300000372000006100004042500080689200000500800000
000005008600300700007689005270500000008090600000007013700963400009002006100400000
000005060000001020802000500004080006508307109900010300003000607060700000040900000
000005103080000009604000028009170000800020001000056300790000406400000030105900000
000005230160000045300020100008310020000000000020097400001080004580000061096500000
000005369038009701500100400000000006080060070200000000005007008802600530341800000
000005700240710000000200300093002010002040500010900240004006000000024053006100000
000005809960300000001420000000000304370040065504000000000087400000004081806500000
000006000000800143320090000030005200084060510007100060000040027498007000000600000
000006001003020000570010003650400007001752900900003052200030098000060300700800000
000006290800004706090000003000050030007631400030070000700000040609800002021900000
000006500300052600005300000050007091170000065890400020000008100001940007007600000
000007000000900850900300106003609040056000210020401700308006007071008000000700000
000007200205400000000300008060093170020000060051680030900001000000006904003700000
000007360000460020000000007045001239009000700123900680400000000030045000062100000
000007460750006300080100000201600000090000040000002508000003050002800034015200000
000007900402900000000300621080609750000000000053401060178004000000006408004700000
000008000000950026000000814002039000980647053000280600268000000710096000000700000
000008009000400030007030640000243100304000506008659000035090700080007000400800000
000008012028090570000007004090680000000901000000054060600100000035020940240300000
000009004001030600004270000500800032003652100490003006000041200008060400300500000
000009200000000300000450018047200080056090120020003670810027000002000000005800000
000009365540200089030000000070080000400000003000020070000000020320001046987600000
000009400000080000012050706500000023600578009940000008705040360000020000004800000
000009820030080009804000000000916038300000006170843000000000407400060010015300000
000009840800005630003006000030002708007158400605400090000700900068500001014900000
000010000800006509540003010029080000057040980000060120080600093205100008000070000
000010000900508470182000000000007200005060300007900000000000842098106005000050000
000010040406702100000006250800000021007080500510000007098400000001208403040090000
000010200200300080900000016001785400005000700009642800130000009050006004006020000
000012040000000091190800300301280000000000000000035704002004075870000000010720000
000013408098200730000500000007000020000307000030000500000004000081005960704820000
000020107060800003000063800000090270090000030015040000004250000600009020708010000
000020701900000000001340060430010002070080090100090043010052600000000005206070000
000021405000000800000806900012037000080010090000680130006208000001000000903140000
000027040370109000000000008009012500031000820008340900800000000000908016040570000
000030000060007800903086407000000701070129080406000000701560902009700040000090000
000030006204006500060000910003068001070000060600920400056000090007600302900080000
000030809003502000005109073050900000100000006000006030840305100000701600501060000
000034560207008490000050000060000035500040006710000020000010000045300201026570000
000046502000000080060002400430850600000907000002063071008200010010000000205610000
000048100000000004120090030430067800000000000006910057070080025800000000009570000
000050000070006500002030096820604010100080007060203048730040600006800070000060000
000050100000309205140000030920500700000703000006004052070000021609205000003040000
000050100003000506000047009016500043050134090390006850500890000901000400008060000
000050700401200008090700002000310600010806050006025000700002040200003805004070000
000053000000060028030000047500006480000000000084700006970000010360070000000210000
000056984000000000006210000870000200051829740002000061000092400000000000237140000
000057041007300950000000007750480060000000000040031025300000000072009300960540000
000058000610000700000610500930001000581000392000900048007096000003000057000270000
000060000000001070076000130050006391200000008643800020031000580060300000000020000
000060000000100007070000016802600003091347680300002409280000060700008000000090000
000060300090503410050004002070000003000671000200000050100800020086902070005040000
000060300245007180860000904000009500000010000009200000702000069056300812008090000
000060920200500004069000007021930000000000000000015830300000140700008005012090000
000063108000050000019008005207030080080000070040080506400800290000010000705240000
000069300000802050203000001002350000300208004000047100800000205090604000001580000
000070010000800004900045673062000000018000930000000120125630009600009000030010000
000070080005000642000603000000930104730010098401062000000706000582000900010090000
000073402500602300020000000090010048200000007450060090000000030005407009907350000
000076150104000000007002800200000008700581003400000001008200700000000904045130000
000078000304000000000050240003004196400060005692300800051030000000000609000520000
000079106090300002000010780930008000000000000000600041083050000500004070706230000
000080000002000008103907250006005807300000004708100300074308102800000500000090000
000080000250900100040006800100000900560040072007000005001300020002005034000090000
000080300600000240500736000002500000900413005000008100000341008091000004006090000
000083200009000010006700409000069000940302076000870000204031500060000300003490000
000084107970006504000020000000008000036070210000300000000090000608700031405810000
000090000002000370940000006807100003090050060600003802700000028028000400000030000
000090000002016390040000200560100000708050604000002058006000080075940100000060000
000090000850000040920860701600950000170080096000076004405029017080000039000040000
000091800000640057009700060071009004000503000900200730090005600750086000006430000
000095430003000580500000000000004600807961204001800000000000001092000300078310000
000097543004200090000500200096000004080030010500000830005001000030002400169450000
000104020000200000004700169810002030700000005040300097256007900000003000070406000
000134580030060002600000000000300010050241090070006000000000005700020060016853000
000160020000002009003700006190300004040000010500004038900001400200400000050023000
000200000203000900749100025604800092000000000520003708450002637002000504000007000
000200001603004500000060920030000100570080096002000050068090000009100802100005000
000200003092850004006001008500000700000070000004000009700600800100094360200003000
000200009063450010009007005040010300000000000007060050500100700080073260100006000
000200400257400900000000008500000693004030800396000004900000000008003159005009000
000200900497300000035040060000000250100000006029000000040050620000007419003006000
000204030582306900000000000005800607130000059708005300000000000009603785020709000
000265000000000000003900518309004060800000002060300905185009200000000000000156000
000300000800004900003706508704000080508000203020000409305902600002800004000001000
000300070100405800009800051760000000084000590000000037510008900007201003040003000
000300070640089500020000000000042010460000089030910000000000030007650092080007000
000300645000000700024860390900000000508040103000000002090072430005000000347008000
000301050000009703200780000090000001820605034100000080000078005306900000050106000
000302046000000005470060180000800000089020360000003000094070038200000000130908000
000306000240705310000000007800050020072408160090070004600000000031907052000503000
000306094900000370000004500000002935000000000275900000004100000098000001520407000
000306901000080050000000806021870009009000700400025180508000000070010000904702000
000359040009200001080000009500006700023501480006400005700000060200003100060742000
000360005750009040000020810300000600048000150007000009021090000060100092400083000
000370800093100040050040006600002000008010900000800007700030090030004280005089000
000374086005000170000000320214500000000000000000003452058000000029000700760482000
000400000001769480007020930400006000000152000000900002089010500073294800000008000
000400000069035000000006703107300062093208150420000309508900000000510630000003000
000400006607090000100300070302500000008602100000004207040003002000050904900006000
000402006342090070000008000008700500900000004004003700000200000070030285500109000
000409730000000400000135090000327506700000003103980000070613000005000000032708000
000420060000000050500109803030000000486030197000000020208603005010000000070084000
000460359600000102700000600307009060800000003090800705003000001406000007981023000
000500060803470900004020300045009000000000000000600740002090800008053409050007000
000502040000190028000000610007200000400863005000004800058000000370051000010409000
000530000610009005000000370875004000400000009000200541086000000900800032000057000
000562090007109000500000800600200000312000964000004005001000002000901600070825000
000600000092014070000090100005069008073000250400720900007030000030180590000006000
000600002642000380007800000009002608400090007506300900000001800015000429700009000
000600030030790000040058002258000600000000000007000925600430090000079060070005000
000600802680200003002100090000000560500000001043000000070003400400001029305008000
000600902000259480010000000003000508090000040508000200000000050069425000705003000
000610007009050300600300000080000004013000250200000070000005001006090500300072000
000670800008201590400000000000000021140080075590000000000000003067402100004059000
000700000000008906481300200007946010000010000010875400006001853504600000000002000
000700024080003700000040109008050031000070000940030600306010000001400090750008000
000700032100420080070000400021000000507104603000000710003000050090073008610002000
000700080200050091089210500002160000100000003000072100001045860350080002060001000
000706000074810090201003000500000670000000000096000001000600502050087130000105000
000709006060041000000000219000003907200000008705900000849000000000260090100805000
000723500030060000000005076100089700960000051003540009410200000000030090005896000
000800000103002806000097002410700000090010070000009065300570000201300709000008000
000800006584000000060200100746000300000090000009000652007005030000000915200003000
000800109804000630075000000060083000040060010000470060000000890096000307108004000
000800760036070408070000100000201000040000090000703000003000020204060380091005000
000802049090700005402000060008920000000106000000087400060000103700005020230609000
000804010020000005800960003047001050002050300050400170700018009200000030080503000
000806400020000000000000185042030051370104028160050740259000000000000070006509000
000807000000000106700132009000000068300050001140000000900526007501000000000908000
000817000700000000305006400504000080091308250030000901009600504000000009000592000
000830940000600000005104600001069807500010002907420100004901300000006000019085000
000840010170009050080500000004030098000000000260080500000008020090300085050012000
000851400091000000800090030009008001006030700200600900040020007000000310007169000
000900000070501200093000780002005106004000900605400800047000610001602070000008000
000900000900800100380012400517000000009050800000000275004790032008004009000001000
000900305000070004000008710000089003120030086400210000095800000700090000603007000
000900800001865004500001020010690000003000500000087060050300001200716400007009000
000902000400005060670040003000030509007020300206010000700090054080700002000206000
000906080000040010000502470005100047080000050690007200061403000070080000030201000
000906480000030100009100030000800003701060502500002000090004300005090000046207000
000920006400000309250080000000200400006000700003001000000050037302000008900078000
000952406009000000154000000090060000037000290000040070000000823000000700701834000
000976050900000027005100000003060000410208075000040100000007800380000004070489000
001000000009200401075801000146000300000010000002000189000509230907006800000000500
001000000050980630000470000700000500900135006002000001000018000046092070000000800
001000000094720005300810000070000123000308000536000070000052001200089730000000400
001000200000034900006900700050290006380000079600018050005007600004180000003000800
001002800029830000084150006090500000600000007000003020200015680000087530008300700
001006080900400000068030000305000070006357100010000504000060410000004006020700300
001080900826900007940000600450090000000070000000030054005000023200005861004020500
001290600000050000648300009000000050030185070010000000700003415000060000009041200
001300000020600007805040000004007001010496070600800300000070209500002030000003100
001300652900000400000740000000087340800000001034250000000036000002000005786009100
001400007600200009090700430000000102760000045502000000086002010900008004100003500
001480526400000803000006400600304000008010900000608001005900000906000005823045600
001605023200000001600030900406000007000070000800000406008090005300000009940302100
001700086890063570600509010403000000000000000000000705060304007017950064340007200
002000000043060000000008071030049600070020090009610050920500000000090520000000700
002000000400000500538060090004700020705000306060001700020050973001000004000000100
002000004000140569600500001907000000403691207000000906800007002374016000100000600
002000050190670200700008001009030008000406000800010600400200006003061024020000800
002000349906100000407900000845700000600000005000005634000004106000007403574000200
002000508000820006760010000190300000005000900000009034000060015600037000903000700
002000609000002070003100080036049000800000002000380590050008900020900000104000700
002003090000068300700025000804000003060000070500000902000540008008710000010300400
002008090300009056790020008500802000000030000000906003400010082270400009080200300
002050360740000000006000080007004690100070003093200100080000200000000056031040800
002060000000100500000905306010070950600010004027080010105603000006002000000040700
002060080800200000000058940150800603000000000604001029048630000000009006030020400
002090300500003620000407910000009040000136000030700000073508000056900008009060700
002300090390000025600000800000530240020106050069047000001000002930000018070008900
002574000100000000950002806200000050018000390090000007706200048000000002000849700
002600050070304980009070010510000000000907000000000037040020500093508070050001300
002600083900004567060000000000040802030010040401050000000000020256800004190002600
002800103300100807009040200000009408000000000901600000004070600203008004106003700
002900000000076104870010309000000002010268070200000000506020043301650000000004500
002954000040600000965030000023000016006000700580000390000060285000009030000345900
003000927000080000246390000600005810000040000082100009000029138000030000931000600
003005000057103400000000005608710900900000001001069704200000000006204370000300200
003006007470000000090000204040058010300204009080630020209000040000000096700100500
003007012400009000000630087380000004006000800100000096510062000000800009940700500
003009800800045002900800400040130000200000001000057060002001004100960005004700600
003070000890034000004900080000000619009681700136000000050007900000460058000020300
003070602000050904000600005008900000060205010000008500600004000307060000105090800
003074005080350090000800002500000203600040001908000007800007000090085070700490300
003120080000009001090000020020970300007000400005042070050000010800600000040053200
003506900000000003000007145290004800000050000001300027419200000500000000008905300
003540680000000001000600470500000100900425007004000009087001000200000000056097800
003600005458030000009200800500000000790000012000000007007001400000060189200008700
003714805000008009700000000000009051061000270820600000000000007400500000509283400
003820000754000800009000000000001030010738090090600000000000500005000729000057100
003900000075000030002500090080090000037861940000070020090004300010000870000006400
004000030000000001090507602025006098000080000860900710309702050200000000070000900
004012000308400071000000900000004009802000704900300000003000000210009608000650400
004093270600000000000085010005000039070000040910000800030520000000000005086970100
004190700000004509092003000000000100460030085009000000000200630807600000006047800
004200000030000480150040000080700002302080904600004010000050093096000020000006800
004200050000030000900700021060020908305000206809060070140002009000050000050004100
004250030002000005059060200000002070900738004040600000005070380800000500030081900
004600009302510000000007600000000027240000031790000000001900000000075802600008100
004680002089001000050000807508004000000060000000200109801000040000100730400079500
004800060060021000120094070000000800200348001006000000030910026000430090070006300
004852000000000009300009080209040700006705900001080506010400005700000000000268100
005000000000009050004150002760200005300807001200006089900075800020600000000000100
005000000600000004372800065010039050000782000090610080730008921900000007000000600
005000006270000090039074000326400000000060000000003647000680920010000063400000100
005000030030000658100007009047060000600090005000030860800600003356000040020000500
005004090200500060009000007003609005050070040400801200500000900040006001090200600
005006320009500000008000064000005401000070000901200000760000200000004900092800700
005008006000060000380000470062087005700050001500320690043000052000030000800700100
005020000000000540400009012200085400100000007004910008930700005021000000000060700
005040090009001608000000030000003561800604009716900000060000000204800700090020300
005042387400000020000107050009300000063000140000009700080206000010000006256910800
005047003037200016000000070000006000016070230000800000070000000950008140600450900
005080000000090054090071630506000040000803000080000709029730080830050000000010900
005090041000000270000600000097040000018253960000070830000004000051000000970030500
005300690000820000000000037006002084370000062290500700180000000000047000049008300
005306081003009000000000900208000650076528410034000809002000000000600700350807100
005900010010080603073010000060249000000000000000368050000090420706050030020006800
005900103310005040000000008600800900009607500002001004700000000090700036403008700
006000003070090008000308650000800009004253100700001000038704000400080010100000500
006000004200509810000041000000000960010070040069000000000310000094708006800000200
006000075000030108900008060000003017001000400530600000050300004109080000860000700
006007045100080000000002700260100004000000000800004067001200000000030006920600100
006020000150000706000001000840200300510060047003008012000400000204000038000030500
006030000047200030039004017001080700000000000008040200190600370070001850000070400
006040007100500000020090004003204610600000009015609400300060050000005008800010900
006040082000007005000005436100000600007504900004000001472300000800400000910070800
006094023503000009020007000701000000042010380000000104000900050900000207210540800
006300045000008000000040003703206408000010000508407206600050000000700000480009100
006580000490000000000901005782000004004070600300000957500708000000000029000025700
006700400030406080804000000057302000480000053000804260000000108040109070001003500
006800000000000013090050008380070600000698000001030075500080020140000000000002400
006803014030000000001075000900000700023587190007000003000350600000000050150906200
006817040102000050400500000000200413000000000213009000000002001090000206020693800
006905810300024500000070300000000163700000008681000000004060000008290001097108600
006910058040000100105000020000103504000080000302409000060000905007000040890052700
006912470000060020030004000000100090001693800070005000000500030020030000069471500
007000000010002305000000872400213090000090000020748003694000000305800040000000900
007000004000008900420006073800000630200000007065000001780400095004500000100000400
007000908060007030090000400000390001010785040500064000004000090020600010306000800
007000940062480050400030000000100890070000060048005000000050007050043680034000100
007001500003000007090004000768020090000908000040070823000300070200000100001500200
007010000000000318000293007052070080170000093030080720900135000765000000000060900
007200309089000000000060107300604000940030015000102003506080000000000960403006700
007240300040056000200003000003000586080060040564000900000400002000570010005091700
007400000002158700860900000020800074000000000510003020000001052008627300000004600
007450000005039000030000825046000007000178000700000250472000080000780900000021600
007580004000000010000007082800009050013000240090300007580900000060000000700052100
007900300000000950000100270120300508000060000304008069091005000042000000003006800
008000020000080409000240006200070061075030290810050004300024000501090000060000800
008000320000050090700800004530080200000504000001070049800003007060010000095000400
008006000007000020020000564001940008076010490400085200964000050010000300000200100
008007040045000000000004507000002004017835690200600000809200000000000130060700200
008040300030007000200035007000003192006000700312400000400350001000100080001080600
008050400050008000060000705000093600801645307005820000509000040000200030003060100
008070000140053000070000094800006047900040008560800009450000080000280051000010400
008150003042000900007900002001000000200387005000000600700001300009000250400026800
008210600070006500000000001006700010010634050050008400800000000004300060009052300
008409000090006048230000000080760900700000002002043060000000029350900070000307600
008500270053602000001000000004090006000784000200060800000000100000401750092007300
008940200000700400000008659010000004007526300200000080831600000002003000006087100
009020450000716080000000200000090014100804003470060000007000000010457000042080900
009056008708100020400002000081000050000060000020000490000700006030001207100630900
009070534100056000007400000030000019000080000670000050000002600000310005285060300
009108073000000085070040000006001000000587000000600300000030020950000000420706900
009127084600050900000000000006300509010070020905008300000000000001030002730915400
009200006200000007370400081150840000000060000000093025630008074700000008800006500
009210000306087050000003001904000060001000900020000508800100000070520809000078400
009630004003002090580470000000000501000000000602000000000014083020300600400068100
009702000020010500700040009000000030045908620080000000900070006003060090000104700
010000000003001758800000019600010300007502800008070001250000006734200100000000020
010000000300000760800137904020053000600000005000960010203614007061000003000000080
010000000506200000030700026004600010007938200050007600390002070000003509000000040
010000005000000170800570039020630050008000300040015090280097001073000000600000080
010000060006970004507004030200000000040621050000000008080700502400092600090000070
010000089068710000005809000020098500000000000001230040000605300000073820780000010
010002000000890240000100600060049008700000002400320010008007000036018000000400060
010004370200003400040960000309700000000502000000009508000071090006300005074600010
010009000003700518562400090089000000000060000000000270090004135675008900000900060
010027086200000000004083000000000900396040128001000000000410600000000007640870090
010280000000091006350700000009000003508309102400000700000002087200430000000076030
010300708004100050007654000500000870020000060068000009000827600090003500306009080
010500000005109000020070003062007085100090007370800920500080090000603500000005040
010500002240000050800016000300062001000000000500140009000890004050000093400003070
010640000000000863600090070000900020500286009030004000090030006847000000000019080
010800000000000000050374806007600001060487020200001300803219040000000000000006070
013000070000090020026507903000006300008030500009400000601705430030020000050000790
013920450007000680050074900060300000000000000000001020008790010096000200071052860
015208300900500062070400000000000003040603020700000000000007090260004008001805670
015270940003004067000000000006040001100080009300090600000000000730400200084026750
016000000000006009790453000023510000000000000000024370000948051400300000000000940
016002400320009000040103000005000069009050300630000800000306010000400072004900680
017030590000000403000006070120009050000402000060700021030600000901000000054020310
018093005002710000046000000000000079100904002250000000000000920000032500600850140
018700059700000000405800030607900000000050000000007106050001904000000003830002560
019000000002390010357200000000002930200000008091600000000008293080024600000000850
020056000000009018500000200000780059005000800270045000006000004430600000000570090
020080004800140020059200300760000000000907000000000056002004910040031007600090030
020089107001002300950000600400900000000010000000004003009000012002400500103520080
020090407700302500000000006359000000040020060000000745900000000004601003806030070
020100004010024090900300260402030000000205000000070509041007003080510070700002080
020103000000006190000002704800000070530000016090000003403600000018300000000509080
020300000090000580703000000100508020200090008050703009000000801081000030000009060
020307000900000170701604005310500000200000006000002017800709400079000008000106030
023100900100000080700059013071003400300000008002400370910520007030000004007001290
024010090010000300003648000000780000270030041000029000000851700009000050080090410
025000070000000901600410200000069000009104500000370000004053009206000000050000480
025607100000005900700030000001200080090000010050009200000060002004900000008503670
027900010000070000000000026308517000006040800000863405280000000000050000010004380
028003140700000000014000005031264000000000000000978430100000290000000007049600350
029004700580001000070056900000000007712000698400000000001620030000900046008500170
030000000005010203060930400000100630306050108024003000009042060602080700000000080
030000046200000075000400300053090000406805709000070150009006000640000008170000030
030002900500000000000004378800230090600040003070089001325600000000000007007900060
030020050600004002005000004083007900000851000001900840400000600100700008050010090
030060824860014000900300000000049750000000000076250000000002007000470085795030040
030504790756010000000000003470000000003060200000000071300000000000050824018709030
030700920801050007000000085050200000070401060000005070510000000200080409089007010
030897500005040100000001006000000279800000001719000000500600000001030900003189060
031450000640000000005002001000001950500947003019300000300100500000000024000084730
035290000000800350010030000009600830400050007082001900000060020021009000000025640
036059000000000900009010076000007080907000104050800000460030500002000000000720840
036090001800000000021003807058700000000935000000008650107200360000000009500080720
040000000002800003001376020007008106409060208506900700060291300200004900000000040
040000000100052600900403070000001039800020005390800000050208006008530002000000010
040000103000300080000028500005004200210807096003200700009170000020003000506000070
040001009000000054509400002102070000000803000000040207200006803360000000800500060
040002510002056003907000000000000097003040200120000000000000301400860700091500080
040006000000002040098045000034000058600000004870000620000130560080700000000200070
040020000018005000070308400450000000000276000000000068005702010000400790000010050
040100005000080000280306000028030079300000006760050430000507092000090000500003010
040507000000000091009003480003040002001609300400010700037900800680000000000804030
040690000000000000387001600500020470001040300064080005008400291000000000000068030
040800300000004200067209140000000801080070050601000000073601490005700000006008010
040900000002630507690000008000120000700000001000095000400000023506042100000001070
040950160000000000000632900567200000090000070000005698002569000000000000086074050
041000000008006740306000000070095010803167402010320070000000804035200900000000230
041059000600000000800360000200004053006935200750200001000048007000000006000620410
042000000900354000000000050706830000030040020000019807050000000000728009000000270
042003950000000070000000301470300500050906010006001034708000000060000000035600290
042600000600090030009100080060001000007000500000200070010003400090050006000008920
047000061800200000006703800000060180600070009019050000003609500000005003480000690
047200609008970040000000000005000030314060597090000200000000000080056300201008960
048039000025000040900000003060001000002853100000600050600000001080000730000410520
048390010000008000000001520009080006000905000800030900032400000000200000050073460
048602050000000000005070832000000014437000528680000000872010900000000000010908370
048690200701002000000000049000080320100000005056030000820000000000100508004058670
048700050000300000000080609060007034080124060420600080803010000000008000090006720
049000080000671000000900002500410200092000740007095003800004000000759000010000570
050000000102400050630580000095000068400030001820000430000052017010009305000000090
050000004230004600006000035500800700090010080008009002670000200001600058800000070
050000080920750160000000790400270801000000000305089007069000000032065078040000030
050000300900070084001800200185207000000060000000409138007002800690080002002000060
050007906087003000000002000500190007740000095900078003000300000000800610801700040
050008000691500008000000625780960000000000000000072094439000000500004937000300060
050009487300000000080270300006000035100806002520000600005068040000000003693400070
050013080400500006308000004210070000000000000000020093500000307700008001020750040
050020004007580920400006000000000493060000050328000000000700006013042500500090010
050040000900000032308005060000200008070304010600001000090700406580000003000050090
050300800000409356000750009006000007000000000300000600700082000639504000005007010
050400000000080659010306000627000000300000005000000294000209070275010000000007020
050409760210003000004020000001005040005000600060800100000030800000200071097501020
050430000479802600000000000003074200047000530001350700000000000005607912000029070
050600741060000000308200000004300000630907082000005900000003504000000060481002070
050800100000019600000000240685000000007308900000000862063000000008720000009001030
051037000000010009706008100695400000000000000000005694008300701300050000000170530
051080006006350400000006020810000200000508000004000057040100000007039500500040680
052071003007500082060000000000004090004000500010300000000000060520007100900610870
053106000680000000200000065004280016000060000720031900410000003000000024000902680
056003700000006500000000029004070000729000135000050400810000000005400000003900210
056070000900002000078564030420008050000000000080700042030486710000300008000090420
057000002000050180000301700029106000000070000000504910004805000086010000500000630
057420000630005000089310000000000400300748005004000000000067130000200094000034260
058040030000087205300000087009006000000030000000400700210000003803210000040050920
058300000000194700000006920490000017000000000830000054082900000003718000000002470
058900060100007090203050108900000000006000800000000005309080406010600002040009380
060000000000250060108000207009500070040793010080006500602000701090075000000000040
060000000001009020000007143000250096036000210490068000843700000020800700000000030
060000000004050068008930004050000630010040020026000040900085200640070900000000070
060000000005026400020000098240093860000040000053860042370000050001570300000000070
060000200070000386304068005000037000080090070000580000100850407258000090006000020
060000504009100000014500790600002000000873000000900003097008640000004900103000080
060040820500000000020008001070100004046203750900005060200800010000000008091060040
060100000703000510108200000070040008901683402600020090000006801046000905000002040
060180004400700020005300080300000700000060000001000003040009500080005002900031040
060407810500002000000000923071000059000000000690000240136000000000200004027501080
060510208000006039002000000000000014080401090450000000000000500270800000503079080
060829000040060030007000080700030500001905600006070009070000100020010090000293040
060830002030020000000000100620078001000514000400260053002000000000040090700085060
061000000054082000830000000070400002205306907600005040000000095000260810000000260
062300700004060900900000000308000062500020004290000103000000007001080600005009340
062900010038452090500060000000000051200506004350000000000070008080295170070008520
064002300003710000700003000340009007500000006900800043000900008000025700005400920
068039000900060018100000000000500702810000064203004000000000006350020001000340820
068120000007004000900800000070003200403080105006400080000009001000300400000061920
069000000308500900200009000080390001006040700900027080000100004007006502000000160
069030000000165900700000000096051030003649200040370590000000001007528000000010780
069400000725030049403000000000006090030010020050900000000000406890040235000008910
070000080005018006000000251200805600050060040003902007768000000500180400010000060
070000300000347509800000000009604018000020000680103900000000003901482000006000020
070009005000001000123008070600000100002486700007000002080300921000800000200100050
070010209009480000006300007930000000004030800000000054600003400000062100802050060
070018000000002807003500000240900070001287300030005062000009600609800000000430080
070020900000007104000051060620008400000060000008500026090170000201300000004080030
070400000290001400000900002006003009400789001500600300100005000005100063000008010
070400003090100000003605008000000304084000720306000000200509400000003010100002090
070500018000000004453700600000200060009604200060007000005009142100000000620001080
070900004002000000050087060003000245800010007624000900060230010000000500200006090
071439000000000000603075200000000061010596070540000000002960704000000000000742610
071605830006090007020000004000570000008000200000064000500000010800050700063701540
072003900430000000090470000005020000003849700000060400000032040000000092006100570
072610000080300007100070006050000140620000078014000060400060003200008050000053420
073900000012000000004850000009270000760493081000065900000089300000000470000007520
076080000800000200091027000400002005050030060100400007000840730003000001000060890
076180020200000507000007100800005000092000610000900008005800000904000006020054370
076308090000001002004007030460200900000000000008006014030800100200100000080702640
076430005300072086000000000010300200080060030002008060000000000960710002200083510
079540000600000190000036800006073500300000007007460900002650000091000003000019450
080000000000609502024300000000706210070090030039204000000003170103907000000000040
080000000000946007060307000570000009804503702600000015000801030100469000000000050
080000030020017000400235910600003000290040056000500001034652009000370040070000020
080006300570090000201804907620000000000080000000000038809207106000060079005900020
080030000004000120902600000020308000370000058000702060000009607016000400000080010
080030057000564000000000200050000049004873600860000030003000000000928000790050020
080030407200074180001000000060089000000000000000120070000000600025390008706010020
080200530069050000001048000000000670200000009048000000000410900000070120097005060
080409030032000080600800000000000063006758100970000000000001004050000670010604050
080750340700009600000000007001080093970000026240090100300000000002300008064015030
081007040000000060907500000005004608000706000702800900000003402030000000070400530
083001209910008070500009000008000060000050000070000900000800006040600013109300840
084060009000000300000037016150000003008106500400000061210580000003000000500010230
084500000001002650000060090000000567060401030235000000050080000017900300000007420
086000094400090000000000508090038100070609030001740050703000000000070005910000240
087000069000070000000104700030208057700030001960701030001803000000090000590000370
089000000000065000047900621065001000000609000000300850231008560000520000000000940
089571400000000000073004020000006005305000802800900000010400360000000000006753980
089700100010000000460200000530120000800050002000067095000008064000000070004001230
090000000040300000080690257006070100210080075008030900853027090000003020000000080
090000000740005000000871050500302079800000005930506001080713000000600087000000060
090000146170000000050400020000024300002080900007590000080006010000000038526000070
090000726300050400600009100000680000000705000000012000009100007002090003748000060
090006370000817500050000000041608093000000000380704610000000050002975000065100030
090028003000007400030100000000000280658000739017000000000006050009300000300750040
090046500800019630000800000000100790100000005029004000000001000051490002002530010
090050800382010000401000000024038100030090020009640580000000908000060475005070060
090082100782600400000000006000000365049203780863000000400000000008009674005340010
090176000000400900000020074520610400800000002006058037150060000002003000000791060
090200100056400038000006007361000000000000000000000743200900000410003670007005090
090250400301060000000001590000000803000579000605000000089600000000090305003048070
090300100000750608004100000000000720400000001058000000000006400802094000009003050
091007000000060800030205060573000900000000000006000327040501080009070000000300570
092000003570800000000200040010080400208904701005010020060001000000008092700000650
092450300008020107000100000264000000000070000000000568000008000905060400003019850
093050000000407801408600050200070000800105006000020005040009602902704000000060790
096040000000803000000100423503000000089000510000000604872001000000308000000090860
096150803800004005014000000000000002005783400700000000000000760100600004607042580
097000000000000630000052810380009000060030080000600041024960000018000000000000270
097000230000740081010030000009000504000090000205000100000010040620059000051000390
097028000000000060000500210003006490050943080019800700035007000080000000000430820
098003000003004000010502060000038002800000005300650000070406080000300100000100290
100000000000014275000930000005000009039157420700000800000041000968520000000000003
100000000020013950080069007090500000037000620000006090600970080015320060000000009
100000000070000800000850069700003980000469000032100004620017000009000030000000006
100000040740003001800007602000004380000789000028300000203900004600200018010000003
100000048000910000760200000000060427003000500874090000000005091000031000430000005
100000070574100000008005400700030100940502037006010002003800700000009361050000008
100000095096300704000000000010062000802000307000480010000000000704005620980000001
100000400000200056206700000000120800020080070009057000000006708430008000005000003
100000500007240003806950014700530000000000000000026005650078401900015800001000007
100000860000000070000632015790800040030040080020001053970316000010000000085000001
100003700020008000007090624002700006050109070700004900275080100000900040001300002
100004950000000000020509610030600000000475000000003080051806090000000000064900007
100005869000300000005010320000000008480609072300000000023080900000007000869400001
100030000090010827005000000000003005703020409200400000000000500821090070000060003
100030209008005000409000000600078300307000506002650004000000802000200100901080003
100060000030470000040008306405007000670000085000600401703500040000046050000090003
100060200096720000430500000001905006000000000200106400000001064000058790004090002
100078000000000502093100000000000320306000907082000000000005490201000000000630008
100083906082090040000000000000001003940368052300900000000000000090050260401270005
100085000004000080302400000007000160010529030035000200000002504020000700000190006
100090007080600000000400698060000305050000040307000060294005000000003080500040006
100204800030800170400000009900007000000631000000400008600000007041008050005306002
100208070048930060790000000900000000005020800000000007000000016080075420020406005
100300070000000000500070389012004000860050024000800730485020007000000000020009005
100400009004050600000260004200600010900000007030007002500043000003070100400002003
100508047004070000000004000702800604300090005609002308000400000000020100870109003
100603200000000680009200500030000006200080001800000040002005900095000000006307002
100800000000010030850000900007036009082070450600480100004000087030090000000003001
100800000007930100020071800090067008700389002800420070008250090006093400000008003
100900000004700025080000640000150003800000004600032000095000070710004500000007006
100900502000500030000104000010000647006807100974000050000309000060002000809006005
102000000000080200043500100000350004075208690800064000004005980001070000000000301
102000070600029000000410500000000240070506030031000000003048000000150006060000803
102400000070000452090000010500060200000834000009010006010000080258000070000007905
104000000809060000030018006040009010000603000090500080200850090000020107000000805
104007000800000200007500680000040006020090040700060000089002400003000009000300807
105000000000094020000003070840930700500000009003082045080500000060840000000000107
105007000000062500709005800800700040400000007070003006004500208007210000000900704
106000090700009360040602001000001620000040000078200000800306010053900006060000509
106500000000008204500007600200004080000805000040300002007900003903700000000003709
106902000040150800000000000001069074072000190490310200000000000004071050000503409
107080003405901000000000000258000000040602010000000792000000000000205609600090507
107500000005004378000200005032070050000000000010080420600002000974100200000006107
107600930000012500000900400960180000000000000000037069001006000005320000094008601
108400000009800010546900000900000180003000700061000009000004896090005300000007401
108400093000009000005230000800900000350000041000008002000017600000800000630002708
109006000000480000058003076602000000007010400000000209980300620000047000000200305
109060000340000090000000430500830000030649070000021003063000000090000025000010308
109300000060010000000900780090085107700000003801790020017009000000050070000004905
120005300006000005000072000304050009000010000200040503000860000800000400001900026
120008030007300500000270846003000000200000005000000700842039000009006300030100059
120076500400000100000540300080000000700215003000000050009084000007000004008120065
120560000309000400000300068406100030000000000050007601930002000002000806000045029
123060400007800600600090007000100000000254000000008000900010008004005700005020136
124000070050037000006810000000500320500000009041003000000085100000960080060000932
140053009005000003000900050000590810900030007028074000080009000500000200300760084
140703250020000000009000004080034075000601000690270030400000800000000040016405097
140720050000084000900103007000000600290465031007000000800309006000670000070042019
140839000730100000000000030015060300960000042004010690020000000000001064000623017
140900030502013000003600000020004007009080400400500020000001300000370506060009014
145006000000000000600753100006380002090000050800049300009631005000000000000900437
150296000000000090092430000000002034600000007920600000000024350080000000000713049
150700000020048006300000000004800090002401600070009300000000001600120080000007025
156280090000000640000000500008630009001908700300045800005000000043000000090063485
158006090000000001004801300860000000007080500000000012003504600900000000040200173
160097030040500000000300000850000100002408500006000078000006000000009040030750069
160270000020004901000000500000620400490000013006041000001000000608900050000017068
160300000004950000000014002207000090600205001050000803500140000000087100000009068
160720000000360000000000006078200060015000920090008430900000000000031000000087095
160903080200000001040000700502000040800050003030000105003000090400000008090308052
167009000009800050000000000002945078000010000970268300000000000080006700000500189
170000000008041650005030018000010095000506000510070000730060200091480500000000049
170000430006000790000000001200009080410278069060500002900000000083000200042000058
170040030006700000005008006294000000000030000000000194400900800000005200020060075
170200830400508017800700002000000700310000058002000000200009006040607009063001075
179300050080000009230400000007060000000749000000020800000007065600000090090002138
186000000000000003370400500700600100900253007004001008009004031600000000000000856
186400000700908020005000000200100000460000059000005003000000900010703002000004378
190000002800000000050239001907020006000304000600070803300892040000000008400000035
190003000506049120000000000000500940009368700062001000000000000041730805000100067
190053080005006009000000040001000002904070506600000100080000000200800900030910058
190060005476002100005009000000000081000805000680000000000700300003200794200040016
192000568004001000000020000403500002060000040200009106000080000000300600985000731
200000000700059068050008100920400000005080700000007026004600070360790001000000005
200000007097000041800096020005009410000317000029400700010270004970000830500000002
200009708700653004000070090800090030001000400070040009030080000900325001507900003
200030000000005723800906050000000006100809005400000000090104002746500000000060004
200053709030000086007902000000000091001060300370000000000309600890000010702840003
200401060079000000180790200004600030000010000090008400008049027000000190040107005
200500300050870000000006000930680420400000009025034018000300000000012090007005002
200710094700000800040983070450200000000000000000009023010692040006000007590037001
200800014700010000001095800000000790006907500072000000003620100000040006610009003
201070060007849000004000000006000009090108030700000600000000500000431800010050203
201090080000070025780000030009002040000146000020700500070000058810050000040060103
203006015650000000014800000000042800026080930009160000000009540000000067340600102
206000500070200004004051300030005001008010200100300090001960400400008060003000709
207053000000694500900000000890700000056000780000002036000000005008415000000270601
209400600065000000004093200000000040900382007050000000008910400000000710006004305
210000096037004008000001000000068009000000000600420000000800000400300560960000017
210004600000007021007200000038000000400325006000000450000009500150700000002500078
210400000000000830000362000040008907500000003901600050000254000035000000000006048
214006000000000000000714002031000860080173090029000170600847000000000000000600389
216007300000150000000006108030000004009763800500000010701900000000025000004600539
219076030040000000800300207000000650031000470078000000104009006000000040080140395
230064009001573800000000000000400900063000250005002000000000000007915400500620038
230400906000901250000005003050000401000000000102000030400600000068702000301004027
240006000000024670000000005401003000097000860000600304700000000026380000000200013
260100050000000000804300619950004000000709000000600034591003408000000000030008097
270000490000090200003040008032800001010369080800004970500020700001070000024000065
280000050001638040036000000000006001007000500900200000000000410010345900020000075
300001509920070000000080600042000000000312000000000750006090000000030096405200001
300006000086040000075080063908700000000000000000005204240070950000060310000200008
300006054000020300000407609040900000002304100000002040403205000008090000190600008
300009000001200070627000000030020051104080203970030040000000917040002500000300002
300020500040000060000038002973002001000000000500100274800460000020000010006050003
300070500000306280800900000285000040000000000040000738000009005017402000009050006
300090400009000008000080973201000000005249300000000709568030000700000200003060005
300405701200000900740006000000060007400308002800070000000500026004000003105603004
300600002002000100004508037057034000000000000000970250260703400009000600700009005
300800607000000400002905030140600000003508200000007084020706100001000000807001009
301005009080400100000130070000310000607050201000062000070043000002001040100200907
301086000200040000050000003008600002004020300600004900700000040000090001000130807
301900040008037000002005700695080000000000000000090385003500600000270100050003807
309028500000000208520000030000007056040080010830600000050000083401000000003910607
309400086740500300000000000020010605000000000908060070000000000001005062670008409
310004085450006000000090000023400000070010040000007920000020000000500097180600052
340000900178000000200400060009260030000090000020043500060008007000000395007000046
350000000000200740028000003005086007093020180400930200500000360039002000000000021
350000008904020300000000060740910000200784005000052071020000000007090103100000026
350007200021006000000050007060000705080000020507000090100020000000300180004700059
350082600009300000000100000400023700706841309003690001000005000000008900007210038
360400009700800060452091030000004300000105000006300000000910483040003006600008071
370000000609700000100094030002540080800000003030017500010320004000001306000000029
390000000407009810000060000001007000080524060000900400000010000073800605000000078
400000000000170086802005000008000004904827103700000200000300605510096000000000002
400000050000053724003010600100060000005701900000040008002090500391570000070000002
400000060060000092800102000040090500009030600006070030000403005780000020030000008
400000068700005000289000040000510000905070801000094000070000635000200007510000002
400000070000416920002000300008040000006251400000060700004000800087123000010000005
400000500530400071061007000940680013000010000600042085000200160190003027006000008
400000600060000000053082000080060019600391002390070060000830790000000050007000008
400000900308400012507300000280100000000806000000007056000008309830004105009000008
400002070000000000000640520020009008807203406900800030016035000000000000040700001
400007308060002000250080000010700002008010600900008010000050073000400060109200004
400030602020509103000000400000610090800000001090085000006000000705804030903020005
400050000000007063038006100340800000005000400000004019009400380650700000000020001
400060000060300010308004006603040090000000000050020104200800901070003040000010008
400070092060000000002900580036000000100702009000000840059003400000000050320080001
400071030060390000050000000010007029006000800930100070000000090000053010020980004
400080000000001290031500000702604080060000020080705406000002150076800000000010003
400690008010503090906048000000000004040000010800000000000830501080104070600057002
400800610807000000030019050000050098000000000640030000090340080000000703063002001
401580000000637102000000050002060400150000037006050900090000000804926000000043209
406000570280007000003005000800300007004020100300004002000600400000800061042000803
407020080000000005320009100006294010000060000010578200001300059500000000040080301
407800000000000004365070000809500107000060000604003509000080235700000000000001408
409000000300001970200300050001003040000050000030400200090008007057600008000000409
409601080000400510008020006002000000034872950000000400100030800097006000020708105
410300290005000100000067080900002000000451000000600008040710000002000300078009065
410920000500000003000000927100086000820000016000140002964000000300000004000065039
420000075300000000000067200900400017004573600760009002002390000000000001570000029
420003057003200008800060000000040800008609700009050000000020001500007300190300046
450080000009000800800073004390008000060435090000600073600840002001000700000060081
450900000000000000010005739170060000008109200000020063723500080000000000000008041
458102300020800600000400000200000054010000090670000003000005000007008030003204587
459100000000000800003600010040780930000429000091063040080005300007000000000006781
460010300000070006850000000600084071000000000290150003000000029100060000004090057
470030100000700004000906350000200005080090060600005000057604000300002000004050072
472000000005970140000300000038000052006000400210000630000008000023041800000000265
475002000600350000200000000030040902007985600809030010000000004000073001000500236
478009100100000008000580000034000000602030701000000630000024000700000009009700864
480000000009700300700600040920100000060090050000005016090007001003008200000000035
480000350075100080600400000000007402500010003706800000000002007040001690067000038
482503700000040050005007009908650000000000000000028104600100900090030000004902817
490000231100000000000061800600320100310040072002076005001490000000000006039000027
491600000000030102800000000000020700048571690006090000000000004704060000000008217
495000000080000050000904200000003007800271006100600000002406000060000030000000168
496280100080046700000000000000003092048090360360100000000000000007630010001078935
498502000600074800000000002005000000009625700000000400300000000001240005000901268
498700000000095024000000080002010540600080001051040300060000000510620000000009136
500000000002080071000207630000028065020000010680740000078509000390070100000000006
500000070000062000208470000709000460804090501056000807000021708000740000040000005
500000100700009280800350000018060300007000600006030950000091007079200003005000001
500007000630004800000000079010700683005010700782006010240000000003600028000800005
500010007876040050300009400703000800000000000002000501007400005050070286900020004
500010063000800900000004710935008002000000000600900135014200000006007000850030007
500030000107048062040902000050001700000000000001400090000706050360890401000010006
500090000070600500210000004007400000843010925000009100700000058005004010000070002
500200600060000079400006800200005300000809000001400005006900008810000030009002004
500290034970000000300005000000002540408070106026800000000900001000000057840061003
500700090043590701200000000000010030850000046090040000000000005102057460080001009
500900004000072600092450000400000006021000340700000001000083790003140000200007003
501000082002000300030007000007032004023040790400750100000200050009000600380000209
501040600000100400060032100000000015605901804710000000002510060003006000006090301
501402807000000000290803000000001072002050900730900000000107086000000000306204701
503000700074900000800600000200073046700020001940510007000004008400002630001000409
504001003002400075060030000010000400000197000006000050000010080350002700100500302
506000000000030000070009261900240007081793650700015004318900070000060000000000903
507000000043000090060020007100073500700219006002450001900030010050000680000000309
507002008003064000000000700000240060600070002080093000001000000000980200900300605
507010000090000006080056000000002109001849700904600000000180050300000020000090408
508000300020650701000300050000000597805090602792000000040002000203071060007000803
510000000009400800000000312024300100008607400007009680983000000001004900000000068
510702000068000000070000061146300005000805000800007912720000090000000620000208074
510800000000004200090760000052400309000000000309005460000078050003900000000006023
517000300000007200000009601901243000400000002000765109102600000006800000003000916
520090800086740000700800000010060007300000005400030010000005009000023560004070032
520600009003517600700000004000200030000090000050008000100000007008459100600002045
526170080000500006074000000000080920000060000083050000000000260800002000040036718
527160030000000002863090000000000091306070208950000000000050846600000000040082913
528001300470803069000000000000005000892000543000300000000000000780902035003400126
530020004467000000000000657001050900000601000005080300143000000000000439200030018
531002009000000024000008700005000083067305940390000600003600000720000000900700418
538000040400000000000540360300100000090607030000008007065029000000000002040000513
540200300083004900000000000070300500001756400006008090000000000002600810008002069
540900030000401060320000000000802507000090000209605000000000072080704000010003056
547820000000030000008001020850000009006704500700000046020100300000080000000047291
560987000000000000200600100700000680893000457026000009007003008000000000000816034
570000040006240000080000026094002000207904805000300290620000010000071500010000089
570000300000008000106200000005780000083605940000093200000004802000300000007000051
570300008040060501000200000000000270850000049062000000000007000608040050900003082
570602300000000000004300061000460000190000056000029000840001600000000000003507028
582600004000000950000200706100850000008901500000072001203008000057000000800003695
589047001004020000000005004000300005061050830300009000400500000000030400600410592
590000082000004150700000000070240000403108907000063010000000005067800000980000023
590200000000860720800001005638000000000000000000000694400500001015086000000002067
591720008420030000000090004910000800000658000008000037300080000000060083800043759
592001400000004000041900007030050928000000000856090070400006580000700000005100734
593020001002608003070030090009000000300000004000000500010050040200706900700040236
597100006080000000002005000005000200040682010001000300000700900000000070200009854
600000000095000024700056100036400000100368005000005310004510008850000230000000001
600000430070900006000136000400700900860000025009005007000827000900001060031000002
600002008510800000000009350190000800020070040006000031047200000000003017200600003
600010000080006130500720006000530004009174200400089000300097008028300010000040002
600010300025600010300200008002001000000509000000300200400008007060002480007050001
600050008037000500000000004950840000704000306000076059800000000009000140400060002
600100000000007030200495800000850904100000007804016000006574003050900000000001006
600300000570000308000045206700530000003179500000026007309410000201000093000003005
600501470700890360080000000000002700000759000005400000000000080039076001026108007
600570000704090000395100600000000580900000002027000000008001729000030105000042008
600700908300000040074500001003050009002307600500010300900005420030000006408006003
601000000005723000082000004000604190000000000026107000700000830000461500000000206
601027000820503600350001000240000000000090000000000083000700052002104098000230701
601205300070004000900000000540000000100923007000000063000000009000800050002307601
602000009700209000000001500000040302405906807806030000001800000000603004500000901
602070800000000000004180307090000008270809013300000090705063900000000000003090406
608047100300010020002000760403700000000398000000001607081000200030060004004870301
608105209195000000000000000059030000036040820000060970000000000000000794503402108
610000000000028604400500000000800370760030082093001000000009007209310000000000035
610005007080000300009000002590310000006708400000049036800000200002000010700100084
610008004000000020409000603005037060000802000030590800801000506060000000500200078
610270000050000000203010098009000580000704000065000400520040801000000040000025063
610783005050900201040000080000070020000601000090040000080000090504006030900857014
613004200800000000000500700005002009004867300200100400009005000000000006008300572
619070000400090008007406000000060290000000000081030000000304600500010004000020317
620000000570608900008400000300105000900000007000803005000002500005907068000000092
620409307350000100000000600000080405040701060702040000003000000004000096507604083
625000070007095000030000210908760000000000000000049602093000040000950700070000139
630000580000000000000080367400516070300020006070394005817050000000000000023000014
637000000001000070980007006010034000002000700000180060500300089060000100000000634
640007000000100000000090230020070041700010005190060020076030000000002000000500018
640800090008004000309016000010000900067901240003000060000160504000500600080009037
641007098098010070000000003900600000007050600000003002400000000010020860280700954
650000000900086053810702000000004060500020007070300000000809075190430008000000014
650000004000010960000609032904700000000020000000003105590204000017060000300000047
650002900000700010308005000000000200024907130006000000000800301040003000005100078
670008003300705400400000200000200000003050900000001000008000002005302007100600085
671000058080500000400310000320000070000625000040000085000093006000001090830000741
671009008300005000000010000050900030100803002080004090000040000000300007800600259
673200000000000007095600800000048050056010940010560000004006190900000000000005476
680015090900000000720800000000240000340000071000057000000006082000000009090780014
680050190005020006900000000007400030800532004020007500000000008200060900059080061
680209000000004602005600008000000050030958010040000000900005800702800000000301027
681000034000000000390001002508902000040050060000703805800300017000000000710000453
682000905000050000040700300805002000070000080000100506001005020000020000207000154
700000000000009074603280001070000100061503940004000030100075408530800000000000006
700000000200065010000800902007520306000604000904071500801007000030910007000000003
700000002100523400590800000015040000000000000000050120000009058009218007600000001
700000008023010000085204000000001850050867040014500000000702360000030580200000009
700000602196007000040006000000750041000904000450061000000800090000600817509000004
700004000190832000008006050040000863000000000651000020030500400000473086000200005
700004106080690032000070800200400070003000400070005008007040000340062080508700003
700006950000008700001040000009007500080201030003800100000050300004600000036100008
700008009040791000098000000004080690300000008019040500000000310000354080500100006
700060001000090254500008007051007000000000000000400160600300005349070000800040002
700083012004020000000407000300010020001905700070030005000306000000090600690870003
700090300000004050000100972900008460000000000067200009158009000040300000002010005
700094500600200000000006732090000006471000825800000010283900000000008009009620007
700200000596000200000860005314000000008040300000000416400058000007000852000003009
700200000980645207500007000630000098000364000450000073000400009005176024000003001
700264000600100000000050049209700300000030000007005804840070000000008006000526008
700294060084053002000060300050000600000020000007000040002030000400670180070145006
700300094003000700450098000000003476900080003374200000000830025009000800580009001
700400300009001000030000005500010420006030500091070006400000070000200100008009004
700602301024009000300080020000000034009000600480000000070090008000800160806201005
700809000000000798000002600003001062206030907450700300005200000692000000000604009
702085000064002000000009012307040090050000080020060507870200000000700820000850403
702408000000000204405006100020000806000010000301000090008100903203000000000809507
702540008300000500000019000007080310001407200089020700000230000003000001200051603
703005000005002700000000039080096040640000051050470080510000000009100400000300805
704000000000009702006100000010700320800020009029004080000003400301900000000000908
705980600060000800000500007000050120104603705083070000300005000006000040009046508
706310000024000000100000002000040650203000907059030000900000008000000460000075201
708000065503000000060040000000054600084020510002630000000080090000000301290000804
708005400000000002194070000000100890000050000057002000000010278400000000005700604
708006000020950000095003700001030000086749510000080600002300850000071060000500401
708069000003000860140000007400570000000801000000092005300000079012000400000180302
709560000000000000010408609097000106004000200206000370602904030000000000000026501
710004900869020300000000000000007053501000209970200000000000000002080561007500038
710024305008001000450080000690000000500000008000000026000090053000800400804630019
710650900000000001006304080001000000903020504000000800050708600800000000002031098
710800000000254000050000320000300209203000804608007000087000030000741000000008092
720000004001800000306190700002030070007060900050080600009018307000006800100000056
730009008100050490400070000091600000000415000000008360000080006082060004500900083
740020005300004600086001020500000000000315000000000002050400260002500001400070059
740508090102000000000070000001600085409050701870009200000010000000000807010704069
748000362010003000560000000000800007005792100200005000000000079000600030379000816
753800004200030500000005020345000800800000001001000645030900000007020009400008712
762104503008200006000700000125000600000000000003000751000001000500002900207403185
780000000000000040690250008003716000008000100000389200100068073040000000000000069
780000405000840000000050907230700090900000001060005028305060000000073000806000079
790000400010500090300000100020035980600941003053280040009000006070003050008000039
790001000008003100350900007060015203000040000805720010900008051004600900000100068
790004060002070400040906320010200000000000000000008030059302010004010900030700042
790300006003004070100080250400006000000000000000700008089020005010500800600008012
790630080356002000001000000070500002000060000100008050000000600000300875040095031
800000000000206045500390028092400000030000090000009670750041006310502000000000001
800000000063000000007093028000408350400000007081506000130250600000000170000000009
800000000657200300000005080000037800020090050003620000060300000002004679000000002
800000003019700000004068020001350009080000040900014600040620900000009230500000006
800000009290003100040501000000000607020709080405000000000905070009600028700000005
800000060000070135500006407005090000060508070000010200601900003752080000030000008
800000200021005400000800706040501098000000000510206070609002000003400150004000002
800000400034000700501930000000307080000402000080106000000061904006000320002000006
800000943020000500700015000300200000000607000000009006000390001002000080659000002
800003640000008079509600000005030064000000000460020900000009103320800000097300008
800004003060005100030068240000000009002000400500000000059630080004700050600400002
800006003670000000009400001000070800031060490002090000100002500000000012900800004
800009200090000003761200000000010080570628091010070000000002739900000020002400008
800010090640008020300000000003700080200090007060002300000000004090600078050080009
800014000059026000004000010320001904000000000706400058070000100000170460000950002
800020000060000000230041089026004000010972050000600410190230068000000090000010007
800020530100000020000400709000090682000040000267030000604003000090000008038070001
800029306900000020721060000000000005062708490500000000000010684010000002609280001
800032010917600000004000060000850170000000000023016000090000400000009235050320006
800190040000004005749000000000403019003010600910802000000000976600200000090081003
800400095302005600000000004000060007570981036600050000100000000006200803980006002
800420790000500604470000200200056000000010000000930002008000056905008000061095007
800423900006070200200000000028001004600000009300700120000000006005010700007698002
800760004309000000006050000090200070607010905010009030000090700000000509900042001
801004090000000031070000000004580603000030000302041500000000020530000000080700406
801529000000070000005000901902040307050000010103050602307000500000030000000798204
801530060070096430000000005002900600000000000003004500900000000086250070020049801
802001906900008054060003000000002469000000000673900000000400070710200008408100603
802003004007049680004000002080007106000000000406900070600000900045310800300700501
804650790073900000000000200000008625002070400965200000009000000000002970017069502
805000371000000004007438006001240708000070000704083600500891400300000000418000902
807002001305700000000000060070080392000050000218070040030000000000008409900600105
807400000000703810040001600000900003120000046700004000006800070082105000000006402
807900305002100000360000002720891000000000000000265074400000031000008400508009706
809005740000000000000076089050004000170000036000600070720460000000000000016800903
809035000154009000000000000061000002072918650500000190000000000000400963000380405
809072051007400000000005094020134000000000000000629080270900000000006400430750906
810000760020650098000008002000000980000962000049000000200300000190087020076000013
810002000000090048095300000100030280600010003052080001000007390740050000000800074
816000900590000004000005061000300206000050000107004000450200000600000085009000712
820500603000000000000030905040060800069108270005020060604090000000000000207003016
820970045000000000040006790000062901900000004607840000083600010000000000260017038
830145060142000000009700000010000000025614870000000030000001600000000793050972048
840000002000068100000005009004000060007642800030000900500700000001850000200000075
840970000000000008030850600050300060402000903090001050008043020500000000000085041
851004000060009045904700000070000200400802006002000070000008602120500080000400591
856304000000000080000008100030060007027403510900080030003700000040000000000601395
860000000000510006940070000020000109000104000604000020000090061700031000000000058
860000709000000006000012003780320500000070000004058037300460000100000000506000091
860007012300006005009000000000000100006324800008000000000000900400800006680100073
862500000709002030000900007000000080106000203050000000400009000090200306000007592
870000000000096020509843000000007203008050400205600000000324809080970000000000042
870600000900000501201500006000004900700903002009700000500008209104000003000001075
874000000000009400509430000003080007060305080900060100000094302007600000000000671
874050000000600000001800203720000000010548020000000096402005100000001000000020634
890000000047000006062940000000420001020603050700051000000035970400000130000000065
900000000000003080000862570054700900810020057006008140049637000080500000000000005
900000000040290035000004020008600204405000708602007900050400000370015040000000001
900000001150800000000520400040006370700000009095300010002013000000007032400000008
900000008470030000000045100000460000593708246000092000005620000000050017300000004
900000010060948000005630000000000305070862040209000000000087400000126080020000003
900000036802507000070300002409130000000000000000058104700009040000703608620000003