800400000000030058000006730781900063000000000390008172032800000450010000000003001
029000806000006090000100450010067200000000000006810030098004000030500000702000360
400068500780300000003000070060040090200000001010030040050000600000009032002480009
600100374001900020000000000000001400080020090007300000000000000030005100892006005
007060000000000560000700089030009006009643200500200030810005000024000000000090600
300800070206103008000000000050001400001486500004900030000000000600309204090008007
800006000030100902400700000580010096000408000970050083000003009609001030000200007
190000008000900000502300400460052000000000000000780065004006301000007000200000084
086003050005846000900007060560000100000000000008000023020700006000198200040600810
800007900030000000049810005001300040004050200020006700400095130000000090006100002
004000001680400002300000500006020005002509800500070400001000004800004096200000700
000060500900000004005807200020100095000736000130002060002501700300000001001020000
027380001000000000806007000060100703400060002109002050000400206000000000900036170
062005000700010800103040000000003090096000320030800000000020903004050007000600150
000006500010000000008900074690840700007010800004053069970008300000000010002500000
000010300010000007705006090000005600082060410006400000030600208500000030001080000
800009001000005030030070520001004860600000003043100700064010080050400000300500004
004000007300080000007019620070500300010000060003007040031640900000020001800000200
000010006000704008400085070509001080060000040040200701080130004600908000100040000
407001600000730000205000000001009070004306900090100400000000201000085000006900305
000000004470300080003500600200007090500206003080100002005009200040003051600000000
000100470050480200000090508000061980000000000091540000603050000005014030024007000
900064005260000001005203000030100004070000020500009010000908300300000042800340007
000200008800030060000085200605940300030608010008013406003490000020070004900001000
700000000384100000001600300008050030006090700050040200009008600000009487000000002
540060002290007400001020009005090020004000600020010300400080200009200013600030084
100000042000500980020004007430605000800000009000408026900700010043002000210000004
000800000034005000062090070300006000006231900000400003010060780000900260000008000
000150003500080170000037040308000007006000200400000809010840000024070001600019000
700003200000800000013050090030008509042000780108300020070080930000009000001600008
064000300002700000103005002000097800030000010008410000600800209000002500005000760
400502000078004560009000000830000210000803000096000078000000400054700690000406005
002034700074200010560010000000900070600000001020007000000090063050003120003150400
035400000002007008740000300090601203000030000603208070004000087900800600000003920
000007803010003060060008057200000400900040006008000002190200070080300040503800000
080300000000012800506074300670000000009080100000000025003950704008430000000007030
000002003931004000200000010000076080086000340070850000010000002000900768800300000
710000000026900800000070060105090000000806000000040609080060000004008350000000018
057200000390010000200700903610000000003000600000000059102005004000040028000002710
003900002070020500150087000800000200025000670001000008000840035004070020500001900
005001080000340100040002003050009200000070000008200090100700020006028000080500700
000000000000030027030406500002504079040307010760908400008109040150080000000000000
095200080000907000000001046010000004050020010200000050380600000000302000060005490
000000094069301800000000700080096500600807002005420080007000000004905270350000000
070000305201000000000401000008075023540000087730280600000306000000000104605000030
970010040005000008864070000000081009090207010200940000000020394300000600040030057
002903000000080901086400073800000002060000090700000008590008160607090000000605700
006850010071200000300000080000000460000672000069000000080000006000001350020046900
810200463230000000005000270070029800000000000009180050028000100000000029691002048
000000700803600001210000000080050004050872010600030020000000095900003607008000000
082406300040051080000000100000000008090237010700000000008000000030510090001803450
020001000000700030006090108060030007009417800700060090807040900030009000000100070
100800730907040600002100000361000004000000000200000378000004200005010407013002005
908070003000003490030500007150000000000401000000000072200005080013800000800020706
004000001020017000930002000270300000008070500000009086000800062000230070100000300
020901000000007500091030080100000850040000020059000004010050470003700000000604010
008070045034500020001002000000000050450623081060000000000200600040007290270080500
000000000506400037000080206030500092200309001690001080705030000310007605000000000
094106000000000050002300006008200010020401070030005600900003800060000000000609540
000000300000017902700300061000005004570693018300700000450002006203460000001000000
000020009000005040800000150791200000500649002000003895086000004020300000300060000
308061000060900800015300000402000000000295000000000502000009650001004080000820703
640009000001000047000500000000005490907481306084600000000007000820000500000300081
000179000010042890400000100000031000081000340000480000009000007034710060000956000
070205040000000005400070010002407800050020090003106500020010006600000000010504080
040000039005410000021009500007300000050926010000005300002100850000054900530000020
900438050080000090050000208007306000005080600000501300501000030020000060060159002
010000004906280700000005009000002980000598000029600000400700000007031406600000030
507090002940002060000030000000006093002000700350900000000050000010200036800060905
500000040070034800000528000048350097000000000790086310000965000006870030010000006
100300790802000000094000002020019500000050000008240070600000240000000901057001003
793000060240600000006302700630001000000050000000900028004203800000009072020000143
009004570008100009070050030700580000004000700000041006080060010300008400067400200
005600700892050000000000008000200804008546100906001000600000000000030647003005200
030070402020034100000002006800000320000708000094000007200300000006280070903040060
092700805106000040000000006000070003010080050400090000800000000030000407504009230
005908300038010000000000050900200060000040000040009008070000000000070490006803200
015080300000000400030002018203700040000060000040003509150200080009000000008040690
008940000091700000500000700007600531000090000386007200002000004000005360000079800
060030524800605001000000068090360000006802100000051080470000000300209006612040000
000359087000040050006000001800600000017000460000005009600000100090080000340761000
005704000130002600904000000050800000700165003000007010000000402008400035000209700
900008000000000020000041509040000690005736400026000010308150000010000000000400006
938700000700000000201036900604102000000040000000607504003260401000000006000004397
500000930700000058020308000400005600060000020008400007000802070850000006012000009
100000004040700000003054170000010060872000913060020000024570600000008040600000005
019000020000000000000602704680173000500000007000564083106208000000000000090000450
004083720000010409070600000000000801003070500106000000000008090307090000029560300
007009000180043009000700004001530000030000070000021400200008000800350046000400800
180300060400610000200004030000003010300000002040900000050400006000098007030007094
000200070032070800000001006240760050007000600090045082800900000006030920070006000
000000000307040006026035080000300027000060000190004000030580170900010208000000000
087100003005307460000005000020900000061050920000002080000500000098704600500008730
100002004800300100000070030053009600010000050008600910020080000001003009700100002
304510000000840500000007080002000076500000009670000800090600000001034000000095408
900530100080001400040600000000050010800000002020010000000006020007100090005089007
900300005002600000010089030020000581000000000597000020080950070000006400200008009
760000310000007500000840000001900006070050080900004100000078000007400000083000095
109300080000005400003008009000040200070503040002080000500800600006100000080007305
000000000000009127700204350300050900010000080004070001095807004836900000000000000
610900305300507002005000000000000040000269000080000000000000900800702003904008057
410800000008472010000050060060047200090000050001290040040010000080924500000008074
000004200000350001970100000009500007060208090200009300000002015100075000008400000
043100000000704039170006800087000000004060500000000690008600057760305000000007360
000003940060007800010280000098000062007000400630000590000034050009700030073600000
015000093907000010000005000000001070003060200020900000000800000040000108290000630
206000100050126040000095006000000970700050008083000000300240000040618090009000204
605700389200000000004010000000001050058040960040900000000050100000000005587003204
000004900972100340401900000860000007000080000200000094000005103093007426008400000
050003008860000400407000020080024590004080300029710840040000607005000084200400030
090500300007920000000306200070600003100000005600004020008102000000083500001005040
800056030000018006005000807680000300000000000003000012501000900900460000070130008
007540908600000000004010005060302000500070001000801090700030200000000004105089700
062500040900004000000000186000009805006020900305800000213000000000900003070003560
309804070740000000061900000007300400800020007003006500000009710000000045080507309
039001420000089300604003000008090030100000002020060700000900603006810000071200840
009000004250019008000002100308400070000000000090008302007200000100690025900000400
018230000400061000003005100070000008084000950500000070002700300000380004000026890
100000003700035040038001200090002000500010009000400070003100860070650002800000007
016020000920004000300001600400003160000805000083100005009500003000200056000030290
006050000010000004000403250708200000009040700000008509073806000200000060000070100
000000108000014050000006402900030004085000970400070005501300000070240000204000000
900486502000002010000100000700000086080070090490000001000005000040700000203619005
000007000000510002204803070000000013702030906860000000080301607600048000000600000
400000000002703800030090460000009050560000014020600000048060030006901700000000001
280010096600075100000200080000000279000000000179000000060003000003180004710040032
000590200853000490090000003000810020008000100070024000500000060032000718006038000
704203800023900000800000090002040070600000008050030100040000006000004910009602504
000240000709006050200003608008000003007000200400000700105600007060100509000082000
000006097070002000004750003003005074900000001760300800400027100000500040580100000
080200490720000000005000200650020000048795610000040073004000100000000026071006080
050700400000009060006000370090301007080060050400905080071000800060800000002003010
097008200408000000600400009005040790040801060086070400800003006000000904009500180
900030040000100930000092167005070003080000070700020600817250000024007000090080001
004500000030080600780006031923600000000000000000009726310400092008020070000003100
810054060900000005400306200000007820000000000021900000004203006200000007030570042
600010300008300050000860407360080000000000000000040025207038000090007800004090001
000084056040900001000600400705000000004179300000000108006002000500008040270460000
000004300000200800090083010000700201240030067307001000010370040006009000005400000
000009000001080905600020004840200006050167040100004053900030008205070400000600000
000000004006500300920600501400005930000030000063400002702008043001009800300000000
610005004002604300000000060070003026005070900230500070060000000001307200500100037
008300040049850200502000009000009000407080602000200000700000406003064170060008300
060080900097043010300006000000000780200000009016000000000700006040360820002090070
408090700000000000010705300200006005780152039300900002004301060000000000007060204
000000005006097000013800000008301046060050080130408700000003490000210500700000000
000000005000002300500470008902000080074391250010000709100083007005600000600000000
840000000006000005005768001900500040000642000060001003600825100700000600000000052
000000008000820490014000502903100050000649000080005209108000940029038000300000000
000920004007006010004500007600000750000000000028000006100003800080200900500061000
000072000003008900009300080600004702050000040904100006010006300008700600000450000
005406200020050100000000040000040608504601702308070000010000000007030060003908400
000800304500900000004060002425000800000000000007000921300050400000002008809007000
000000000000178406087000010900054600400080009005690002060000390801342000000000000
200000300008020000605039000009800002704315908500007100000940703000050800003000001
200800000056490000004000100005000060068103270090000800003000500000034910000009002
080000060000708001043006700460507800000000000007901042009600280200409000070000090
007000000000680100010007506900050230100070009083020007705400060001039000000000800
000018302000000790000400018600801003002050900400907006160004000074000000908130000
200100003070000000600003280500907008400060009800204007034700002000000050100002004
845000002200008000007020800009041060700030004060780300003090400000400006400000985
700050000510037860008400000601000000080000030000000501000009300095270084000010006
006057000800300207709200060203000000000709000000000308080002103905003002000940700
600001370103200000090003000780000100019000750005000028000600030000004502062800007
608001020070000001000009840002900000050000030000008500019600000700000080080700304
500900010000013057700002060084000000900000003000000540090800004870240000020005001
500190003000060504700008090210000000070305020000000031020800005408030000300054008
060300047040560000002000000001003062400020001320400800000000900000058070210006050
372005000045700000900000000020001008630050017700600090000000003000003870000900461
095700000070064000020010700400007280000000000039200004008050070000670010000003620
004000730300084002280000009003700004000623000700001200800000046400260005096000300
000000004869200030010003090000060540520000016046010000080300020030001479700000000
000000000200700469000500120000006012400209003520100000058007000619008004000000000
000020070005603800000400903604000002000285000200000509706004000009107200010090000
580010090201900800000000050000009708000267000709300000030000000004008102050070043
071083009020710000004000000800006003009000600700500008000000900000054030500620140
401008360900060002800000900060000200000197000009000030002000004300050006094200803
030004000402300000100092060300000140001643700024000005090830006000006903000200070
030048709005029040000100000300000400047000810001000005000003000070480600804690020
000016402008900560000050007300400000072000850000002003700020000051003200809640000
000290034050073602000000000000008240500000003061700000000000000902610080140027000
480000006700840020069027000010070800004000600006050090000730240040082003300000087
038070500500300000017200000000000093073509140680000000000006430000007005006010970
007500000000821500000000920000045003305609201400230000096000000001462000000008100
900061050200794800100000090400630020000000000050012008070000009009158007010370006
000000500600510200000024703003400028060080050480002900701240000009061002006000000
000000047000029608002003500000040001030107020700050000003200100204670000970000000
030090067609000001004607300050000600000105000002000070001403500700000109520010030
460000000000000032307950000105406000000090000000708306000049205240000000000000098
125084060000000004000100920038000000650010037000000250049003000300000000070540396
200300001003004580000000030090700000025010890000008060050000000012600900400002007
005009020000450000490008300086700000700506009000004270009800054000067000030900600
000004190803900006091670008000200000509080401000009000900068230300002804085400000
503000100041305070670200000000900400030607080004003000000009065050806920009000708
900001304300840500000000090504010000002080700000070405050000000008094006409700001
000100980000050062000006007006307010008000200090802600300200000420080000067004000
031008200000903610000000087510000000000214000000000063640000000089405000005600430
000080000000750620005400009073041000010000030000860740800004900029018000000070000
500004000008070009014000020200093006007106200900420005030000950400030700000800002
050040600004003180001700009000801050000000000070206000400007900016300400009020010
401805000000000007269030000090006204000000000508700010000070849900000000000108302
085000960020100040000000002003790000700308006000014500200000000040003080071000620
034500000001002004500000060000406930000030000076801000020000006800100700000003250
007208600000000800035700000450000000091000760000000015000003970006000000003106200
004000006300600570001200003506007090000000000040800307700009100063008009400000800
000043092030200140000000300050004030600507004010900080001000000029008070480350000
001046009400000020720005000000098600005070200007630000000400062050000007100860500
007059413064800000000040000001000095500000004240000700000080000000001530136570800
300000040000372060000000908005701003000020000800904600103000000090537000060000002
000064009008009400000000001740056300080010050003980046800000000001700800200640000
028400005700000000050079120060000500200010009007000040085320060000000001600008350
004030006005280030000000700040007002060503080300900040006000000010059800400020600
580270009900000086001068000200800050000000000070002008000520800490000005800043012
106053200080000000030824006000005000003248500000100000600591020000000050002360801
012006800900000000034000672020900500070802060001004020367000250000000003005700180
080300000000006072000002490203000008060208040800000506071600000520100000000009050
370001006806000000000230807000870302000000000608024000104052000000000609700300045
907804003200003410000000009000030100000608000008020000600000000092400005500906204
043080000000400000009000073020045906900000001604930050270000800000001000000070560
100006009403790100090000000010007800080060020009200030000000070001078903800600004
009300602400620001000000080000002806052000140608400000060000000500063008904001200
006501000000000096400600200010350002008010900200074010002005003960000000000402100
082000109000008000004970820000400002090050080700009000023045900000600000109000740
000600000900001200000840901540000000207050608000000072302068000004100003000004000
000000096090007100801209050023610000000020000000098620070106205006900070130000000
900700000047800600000450030680090720300000006072060089020045000003002560000007002
000500060235801090000009000010003406760000053403600070000100000020904518080006000
000008060416030800020006000583000000200000008000000547000500080008010372090300000
060804200000000000000070846800005004056948120900100005731050000000000000009706010
000000090003406180000900072000010900010893050005060000820005000054709800070000000
810060050600804900000000060593200000000000000000006729020000000008902006060050012
010207085002103060500000001351000000000306000000000392800000003060401800130708050
003008470740002000000001008604010800007000600002040501400700000000200014095100700
870000000096003000000040056000026740200000009034910000180030000000600390000000012
805004060000500004346020000000070009630010045200050000000060582100005000060200107
690570300000080000378400000700000009023050870100000005000002917000030000007095083
080200000050906000006081900400000105030060090801000003002430700000609030000002010
600000100000004070000070539003100452000050000514003900192060000050200000006000003
700080000098502003005900000050000007900307004600000020000009400400206130000030002
003600005000050301400019000920060000007000100000070082000590006805020000200008400
000000090000006503893400700500000820000604000079000005006009134902100000040000000
605100000070308000000000067000070210050000090094010000340000000000809050000001602
810093052006002000000050000070000526600105004594000010000040000000600200460520089
012080900804007001050000000005300009003892700700004800000000080500200306008060490
000420010401600080300010700000000069000574000840000000006040007020006108070091000
700900000048600009000050730050000003907010508100000020069080000400002890000004001
000084600200000018850010000000900020039000540040001000000070062460000005001350000
000095603203600000500000010004009800700841009001700400050000008000004506109580000
000200100700050040008006907200005090004632700060900004402100800090080002006004000
000000002304100700000078009960003000100080004000600021400760000007005106800000000
681300040005800000070005090000400003028000450400007000060900030000008100040006925
750000306060400000300050008040700000010030050000004030800070001000002090905000087
010700840000000000002089053205000000000423000000000307450130200000000000028007010
800647000900000000001800040009005006080020030300400500060004700000000002000132009
090000800003001900002960000020006009007080400300500020000038500006100300001000070
000070680007060049060100005000086700000000000004320000600002090570010800019050000
509400000000090500037000060102000000700815004000000806060000740003040000000002608
960002300000000276003600090000014760000207000027950000030008400718000000002700081
070019000059000007600000300030050079027090180910030060003000008200000950000680030
000000040006070000040863009230058000009000200000390017600981020000040300080000000
300005100500097020904000000006500009000902000100006500000000408040670002003800001
031200006090000020004037001050008004000040000100700080400920800010000090200005430
000952700000800006080070004020007105000080000309400020400030050700004000003529000
070008610000709845005000007600000000043010950000000008200000500496503000058400030
000090030200630014000054600029400007006000100300008420002540000560071009030080000
000300026000046809800001000390000001008070400700000095000800003203610000610004000
100500004500000060078041000400907080000000000090204005000820370050000008800003002
080030002007000010600508740000001050005649800060800000058904001070000900200010080
900006040005040039000980000700350402003020900402019005000065000560090100020800006
000000000028900730054067800073000000000895000000000240002310670037008950000000000
000000023005380470001400000097100000800070006000004710000008200078013600260000000
000000005500860900702000008060300000907402603000006010200000107008034006400000000
060900718702080300000003000080000009009705200600000050000300000001040806974008030
080000064749800000650030000900005000000321000000900001000090027000004538470000090
000002070000390000500000298009005810800070003026800500247000005000046000060500000
500000000020176050009003700000002006200080007800400000008900600040628010000000005
000000000040900016600004570800040067073652890960070005098400001230008050000000000
016300000500010000090025070032760900000000000008039260040270090000050008000004750
400000000020001000000905307000006701800000005307400000601803000000200040000000009
400005030036000001000000840800076000304928705000450008092000000700000120050200004
008500000000100786000048210710000050000805000080000034053680000297001000000007500
012300050730200000000008003340000000900060005000000046800400000000002037050001490
070006040002090500003400001019008020000040000050200790700002900008060300020300080
000026008030508720000000000005300680320000095096002100000000000064709050200630000
000040706004000000360005400059800000400010007000004350005900023000000600201080000
190005000000000000008270900001080302200604005905020600003096700000000000000300059
000200030000000490009087500090400020008050600060002080004720300083000000050004000
800000000000070039032450000000000672005309100416000000000034580750020000000000003
170000000200000086090103000000010300004602700002090000000508040930000005000000023
060000073000230004390006000000107200007060500001905000000600025200048000140000080
000084030000601200080000604004900070007503400030006500402000010009802000070160000
000007084410000760008600000000008400800421009006900000000003900087000043530100000
079400300100000000640509000008300210000050000061008500000603041000000002002001650
607000020000900001940060000070040030006753100090010040000020085700001000060000209
820005300390000007000910000700002000002307600000400005000091000200000013008200059
002000010800000306090040780000076000106903407000450000071020030205000009060000200
000601003301070000020000040008057000970000068000840200080000030000060902700102000
000000506500007003037090210004300000010070060000002300053020190200400005908000000
000000005256000170003100600080650000000030000000024090004003900017000436500000000
000018060300000000001300070089001002040070010100900680030006800000000007050740000
000000000302008900400190600070015004500080002900370050009051007007600508000000000
074200000030790008000008040018050000407080102000070860080100000300049080000007510
000004000003561700700200009040050000207618903000020010400005008009846300000700000
001600900000030000050001083000400805470809061502003000790300050000070000008004300
680000000007000250045200001750800600000050000008003049500001790031000400000000012
600040100000100703000000049700620000002375600000014002950000000408007000006050004
000000030000204700487036005001000003042000590500000400100350689008601000020000000
006012500000000000000805017600003090007496200040500003120908000000000000008650400
700000001000096075980500000030000008067208590800000060000009024290350000300000009
710004063000810590000000700067100005000000000500006410003000000046083000170400089
700002500095400000000000062867090000000040000000020389180000000000005870003600001
040000000800020061900007008000800020007294500060005000200300007130050002000000080
917380005204009000500000000005070004040090010100020500000000003000100206400036951
000000000000002058506800271010007030067000490080300060742006503850200000000000000
400000930006090054000400600050730010000901000070062090009004000140080300062000005
000000640007200090004005000905004030200030004040100809000600100090007400018000000
102700009700000500004608000000024700500000002003170000000801300009000006400009805
050700009000005000931008000304000050005109200060000804000900785000200000500006030
800702000060050000029000500900140000015070840000065001002000180000020070000609002
000680040900000000070005100047090500005060800009030460001400030000000004080026000
504010000030000000000003507060700300200389006008002090709800000000000080000050402
000185020507060000090000000000008050009201800050400000000000030000090107030524000
901827000070000000408106000009005006700000005200900100000503701000000050000271908
060100034000064800040720000970000002000000000100000079000082090001640000580001060
000590200780400000000000047200900080096201730040003002470000000000004073005036000
000050000000031060540008900004000009300274001200000400001600053060140000000020000
460000105005000060200090000020900300107305604008007090000050009010000800906000013
000010340050308000060000108040009000002164900000800070705000080000501060084020000
801090052009023000060000000098406000700000003000905860000000070000350600280060905
500004000039000000004097200000400081005301600820005000003150900000000320000700006
020900800160000230000010007080004000000865000000300080500070000031000064002006090
000400200007000034500000091060078000870506023000910080410000008620000100008005000
005000807400000000060100240690400000050306090000005083084002060000000004706000500
000000000035041000408700530070084900800692003009170020084007106000910470000000000
010006900002400050063500000001080530000000000026050100000005460040007200005100080
415600000000700100090000040600028000059000470000590002020000030003001000000006297
000050000100008006080907010950000360003000900042000078070604020500800009000010000
000010009918760050000000060006003007480000095200500400020000000040081532800030000
003006002401720008008000000050000009006040500900000010000000900200017803100600400
780400002209800040000003006300000200002561800008000001800100000050008703900007018
710000900086050000002603000597000008000207000200000617000408500000030820004000093
000079028400030060000200104600000080003020700070000006809005000030080001260710000
500080032100009000400200800000800600020000040003006000006005004000100007250040009
020056400810900006506000009000340000090605030000029000300000601600003025001460090
010300006907801320080040100000005700000060000009100000008030050093504802200006030
560000008300007010100680000750900000090010050000005076000042007020800009800000041
800000000006170900470300010010090000000502000000040070060001035009058200000000009
900801500000240079000006820300000000026000740000000005091700000640059000003102007
026590000000000020170000500005800040013070280090005300007000063030000000000043890
001702000030084000400003500080000600600000008007000090003600001000950070000308400
900020800007904030124000000000500009050301060300006000000000423090402600003060007
006000070000000509900023100020430001060902030100076040003640007405000000090000400
700004200560000007009000000200086400690020058007450009000000100800000064006700002
000004700040280310000000005570006100030040090001500067900000000065091070002400000
070000009040960000005017000064170005008509200500086170000730600000098010400000030
060078090300002000000000012000009081520080039890300000150000000000600004070910050
400075006360000000000000208002400005090501040800002600509000000000000061700350009
800160900000000008009705401000200040700030002090007000907406100600000000005071004
000801020000000043060030090274510009000000000300098457040020010530000000020405000
400000500006300100020001790083005000000109000000800310012900040009002600005000007
000700009790040500000921840930000000400508006000000035073492000009080073600007000
490005000053200008000000006100043005000000000800170003300000000200009150000800062
000001200127900000000760003801075000005000300000690805300016000000009541008400000
400200907000006000020043016600004000004020800000800009370480060000300000205001003
605090007073008040010004005200150000000000000000089003100900030090800570500060409
069002700010000000002394500900130002000406000700029003007241300000000020001600450
010000790600030000000082040003001009701000206200500300070610000000070005025000060
208100500073080002160000000094018000000000000000230490000000064400050320002004109
000000470300425009804000000009001053000080000430500900000000201200974005053000000
000000000000093800003801450600004031305060904490300008028406700004730000000000000
000007040000800603507000000021600080600020001050009420000000702208004000060100000
024006500150070080009000007040200000000503000000001040800000400010050028002800390
005090000912600000040800000094003060200000007070100590000002050000007829000010700
004100070800007030000049002000000040007502800090000000300960000060700001050008200
070000000000370100009005087140900006008060500300008071950100300003029000000000050
000010702060000091100600300000380070006000800050071000003004007970000020608020000
003470100009060005000000003000017386000000000617530000900000000800050700005041900
000003504350007010107000000005020007000708000600040300000000603020900041801200000
406208010002047600000500000030000400820000037001000020000005000009680300060403502
600074030750390800400000000000100090041000620090002000000000009006048013030510006
172000400800010900000400000009074005040106020700390600000003000007080006003000297
004000109000021060010009008003000012007030800640000500700500080030140000408000900
540802000001300006006000000370050090000209000090080074000000800200008900000705012
000009270060007010004020008025600000700000001000002640400080100010500090032900000
800073400040000000502400000008390001020040080700025300000004702000000090009760008
000801000050093000003070180040000725600000001712000060096010300000980050000307000
200100070006950004040000000100060000560471092000020001000000010300018400020007005
007400015100090000024030700005001000300709001000600400003010520000060009890005100
000001002030070005800250000010460000005090700000083040000026004900030060200700000
001000083570800200900200000100030000703102608000060007000009005009001046410000900
005870024000000065000900100060480009700000002400052010003004000510000000940037500
000060094001348000000000000200000056035104720470000008000000000000627500520090000
000500000840010205006070000050901300600000002008604050000080100903040026000009000
091075000000300000004090002000400107820000045105006000600030900000009000000160530
000100507000000280090300000100009042049000170570400003000003010036000000207004000
370046810000000000006092003009630050000000000010075900200950700000000000057280064
501090004000046000009500100000000907010805060302000000003001200000450000400080701
048000000000007060090205800150020600000060000006040091009804010020300000000000970
050794100000005006014002500070000003098000250400000070002400910900800000001259060
600000040089000100000019000000007950050204080072500000000640000007000690020000003
810004000000007800005090010024000300350060041009000280030010500002400000000300069
370000005628001900000803000083500000005030100000009350000908000007200639400000082
000500908840000000601000000002048006007306200400210300000000801000000095704009000
000000008010004092002090630008000004030807060500000800023060500980100070400000000
127090000000000003000725000004000086010976040650000700000147000800000000000030591
000100940700000050000009006109070028000020000240090603800600000020000005036008000
040730000000000003730009050000090804420803095108040000080400061300000000000068070
009003000003020405000790020400670050002000800030049007080064000304080700000300900
070001050000004801105000000800200000056010790000009005000000304401600000020500070
000002830200000006008300027006900000001578900000001500940003600100000003083100000
400870000709000408630000000905600083000000000140003905000000074304000806000014009
080504000002090100306800000820000000070050030000000052000006703007080600000701040
080003500000500004000040103900015007060000020400270008302090000600007000005300040
090000028100008000306020704039000000000937000000000230504010902000500006910000050
050700004420086000000000300007000803080201060305000200001000000000340098800007030
100509064000001000097080100040000000201000405000000090002010630000600000810304009
003081060004060900500000002379000000000203000000000375400000008006090200050430600
000900070000004600200010049850040002000090000400020056590060003002300000080007000
007060900000800030000002081400080060020413050030070002570600000090008000004090500
000071500000003204000020970800000050300040008010000007084060000601300000007450000
000000003005009010000340652000004230504102906039500000761058000050600700900000000
000004073006008005005600810410002000000000000000300098097003500600900700130200000
002045600000800470340700002930001700000000000007600014500004036064007000003560900
160004080007000000000500012370100800002030100008005029730006000000000400050400076
021600000300072000000000040000057008578000321200810000090000000000980002000004650
890003500000000800020000137070028000100307002000140070348000090007000000006200013
000000006950000040006908700700594001000010000600837009002103500040000063100000000
600100000800602719407000006700000090004080500090000008200000905986503004000004002
067500002803000004200001000720180000500402001000059078000200007600000409900005820
400039080703000040020000000009001000081906370000500100000000060090000408030240009
030009087800000000500820900690307050005010700080205046007082004000000009920700010
700008905003900600000050020800000003036804750200000009060010000008009500905700006
010005008005803940030960005040000001008000700200000050300078090081602500700400080
090000000680900007040620080000010060001809500060050000050071040900004071000000050
067300000908050000400000060000084071003502400780130000070000005000010802000005690
000630950030000061008001030602040000000070000000010509010400600390000020084069000
901000008000000000084200050007060030430157069060080700010003270000000000200000104
000003042006020003000900010070002000035809260000300090080005000500080700210600000
000090000000003958900005740200001097030080010870500006064200009312900000000030000
002900001000205006960083000600008000840000013000400008000360042700809000200004700
120009000000080000304502009060700000070425080000008070700804602000010000000200058
100004800020070000007506900039000006001638500800000130002703600000040090003100008
200003070000005016000040200004080009008000600500060400009010000810700000030900002
008005007507060401003800000000000050052708690040000000000006900906080105700200800
010000000083720090600000703000308600039000810008504000301000006020043170000000040
009052000580000120260007500000000690600010002028000000006700084042000016000620700
000700020002059807700600009100200540000000000049006008300007002907840100050002000
210500600740209000000076040000083000180000053000950000050890000000407098008005012
039050070002400016400000000000905630006000500075204000000000001120007800090010260
005000000010000825263050007006970000400030006000065900800040763647000080000000400
000580900000003001000006230805071420000000000019430805091300000500800000006029000
039640080000700000002010040700061200000000000008470006050090700000007000080026150
000000000200076830800420500030640700004000100002037080001062004067910008000000000
000700080970015000402000001800601700000090000001208006100000903000120047060009000
291807004000000000586000090000270003005000100800016000070000359000000000600309217
000000070700690001091004508910000000000276000000000083608100390400069005050000000
010025803045700290000000500020300000086050310000008020002000000031004950508210030
300240500000006000500030090060820041020603080150074030090050006000300000004062009
000000007000682100201530086900060300000701000008020001560048209009176000100000000
680001004703900008000080020800100030050070040030008005010020000300004607400300012
700009302000308650000000000940100200006000900003005078000000000027806000601200003
003402087000000300280000004000041790000709000072650000400000068009000000810204500
500000201900500000008302904650140002000000000700035046305209400000004009401000005
000038009030000004500400030000009100094326750006800000070003006200000080600910000
080940300300060004000800010020090107060000090401030020030004000600010009005089030
000000000060001503010060079100900086000127000420003007690040050801700060000000000
080507090900020000302000607800054000000702000000310004103200406000090002020803010
060003008702600000483000900600000500031205670005000001008000452000004106200500030
000030006607800009001007250400000900500000001009000008048500700100008605300070000
000000000008306000160058007902000070803010502070000904400280053000604100000000000
105092004030450000000000001004069000008000600000280900700000000000043080900820105
000027003040000001300600020000700060007893400050001000090008006200000050800170000
780460010000000246000000000030071400500040008004830060000000000895000000010052093
000000960300002058700009002901450000000927000000013205100200003690700001075000000
050902030001000000460001702070603100000000000006208040905300024000000900020809010
000000040534900800000003092700000080040715030060000007410500000003009758080000000
605020000930010000002703000003500002206108705100002800000907300000060089000080607
000009437000000506007603290500400900008090100001002005083106700605000000719300000
040001006080000050751400000005060400003127500008040200000005918010000020800600040
000070024900068000030200600000000031602000509370000000001006090000590002750020000
804500001009360040030000000006400000010287030000006500000000010080072400900004802
190070000280500000000300040068000001930040058400000630010007000000003014000090087
109560000020008400080000006002009000003647900000300700800000060004100070000073804
072500000000030200000009010000006097860000043790800000020600000003070000000002180
030061800005300000170008003000000409400652007807000000700800056000006700008470030
060005740020137800000000015030706080000000000010209060340000000002478030076300020
000200407000000000030086129040900001800501003600002040964320010000000000701005000
000000000960001004410970020030040806001369200609050030070093012300200087000000000
006200901300600007790500600000305000000020000000709000001006029600001004903002500
600000038090708000208600000080000069005207300130000070000001806000904050420000003
000000020007609400000002167000240080800010004050086000261400000005308200030000000
100083200302500010006000000013006054000000000650100370000000400030008609009340005
710000900000082050020760000000500210800030004041007000000076040070290000003000097
510200000720004500096000000000041008060020040200690000000000950009800024000005083
610090000053107002000000000009802150030000020071306900000000000700403280000020069
068900503300008000000000860013002000080060030000300740095000000000700009206009480
004009020000000600800506700000060209640010087702050000007605004001000000080300900
084170620500002143000000080000000400420090061009000000010000000745200006093041850
400200370000001400008400002007000050000736000040000100100002500006800000092004006
809060000007803290200007000030100000005378900000006010000700005071402300000030401
090070080004609100700400000000007920800201004026800000000008001005306800080010060
400006230002000000000082091030500900090040070001009060750260000000000600086300004
000053008050000020403000900000100040009584600080007000005000702020000090100390000
170000006000800000062300890300050000004103600000090001036004210000009000700000084
000000000000086021567002900600000005032090410800000007004100369970230000000000000
090406078000300901007000000004200000013000420000008700000000500701009000950803040
000004090070005006200970300060000174400000008127000050001028009700500040090700000
800600700000009001040010685100007000007090300000800009394060020700900000006003008
020051000000004500940008001270000400600000002009000013400100087001600000000830040
438020700029007000000000000100000538002198600874000001000000000000500460005010987
000000070020510060900073502800000000032806740000000003705920001090065080040000000
000540000000006200100000047024070060501000802090060350930000008002900000000013000
000040002009200310000003649080430000007060100000017060374800000021004800600020000
650000070000204006000006300901000230500109007086000509007900000200407000090000052
700000900000057061510400000040000003009231500300000010000006039680390000003000005
085092000310060000000008060006009850800000006052600300040900000000010089000850170
000143009030005048004060500007004080000000000050700300008030400390400070600297000
010400008000010927000005400050040802092000370408020090003800000524030000800004050
400002013021600000009000500005960000003801400000045200002000100000008350950100004
000014007102006030000000069040037000700409005000650040260000000010900802500720000
004060003009130000350408020400002000007000300000300004010604037000027500900010800
030000004000890000209001300304000060012070840060000102001700908000042000600000020
020907000900010000000005027304008600680000049009600801750300000000050006000706010
050700000000012007010000026000650084082401750540087000730000040100820000000004060
400900000020087000050063800740000100015040380009000064002630040000870010000002003
002000700050000000000017905060054009003060100100390070501240000000000030004000500
400500006001200003700080100800900000006408500000002004007040001300005700900001008
400000000029400060107230000008900070900080004070001900000092607050006430000000005
000904300002070000070002540105006200000090000007100409021600080000050100008209000
091040700300702000050000000018300050700804002020007380000000090000905001009060470
600400000090070081350000000000003728009010600276800000000000094720080050000002007
005641000700900500080570000000000064900354002420000000000085090001009008000413700
000000300000008006482000907900031500050020030006580009201000493600100000009000000
009000100000084095000000007070630020930020078010079060300000000840210000002000400
000020009009704530060000040400800000906000307000003005030000090028609100100050000
000000030000009400057680000003207006065030270700106800000072340004500000080000000
580000074930000000000109000000007081300020009290600000000805000000000052450000013
002800000049060000860070019301008060000000000020700105510030028000040670000006500
005000700296800000000400000300206100040070080009508002000002000000009573007000800
000010062000007400010003000000004096403109805950700000000800070005400000680030000
010620040005000126030004800000000098000203000490000000004300080781000900020081060
604000000000073000030560900010000480507080609083000020002019060000730000000000207
000000390080004007025030408300000280048912050062000009807020930200600070036000000
050010004000000010003056900300500020005701600040002007006830200030000000800020090
000060290510200007060000013000530700000000000003041000680000070700008046032070000
100000026000004100005180090000900004003040600600005000010068500007300000590000003
800007000730000004005000600043060508070542060506030420009000100400000092000100005
025000100000070003000905860036004008050000070700800630074506000500090000003000720
000000004024600050508740000090000008005384100300000060000092701050007890700000000
000200480007400000680905000050000060200103007090000030000304025000002900072009000
000400870603001002000000003000702598000000000492305000100000000200900705034006000
760000005002056000080001003004008030600392008030500100900800050000620700100000029
000000008002067094500040610080000900000719000001000060017020005450370100200000000
000004000610000005300150070007490008006030900100067200040085006900000042000200000
000063200008007001060100000002000390300409008091000500000005010600800400004710000
000009000002000798800700004080471309000020000407935080700002005138000900000100000
600053000200000000075260000506804700080000020004501806000082460000000001000130008
100700650008400700000000000401000070080609040090000308000000000003008500046002001
600100890080700002400000000000020380002901600068070000000000003100008050079003008
010050200000086070700300000000000104070824060805000000000002006080570000001040020
000052430400000700000010020200008360000523000038900002050040000006000007094780000
010056708002004000070000000007609010009010200080502900000000060000300800205740030
000081050005000930020035010507000000009020100000000703090360020083000400050710000
760400009908070000010060000000300480030705090045001000000050060000030901600004027
002109306000006809000000050530090000106030904000060035040000000807900000903805200
000400087000010600006009240064000710300000006098000320027900400001070000450002000
000503970000000000000720034001400008089050160700006300170065000000000000064207000
006000900000000007008930610100580090030206070060049005073094500600000000005000200
