900000050000536100000009807400100020050040070010007004607400000004392000090000005
900000073200093560000250010008000045000000000320000100090067000052130008130000006
900000300024090000360740059000800290000070000032004000840029067000080920007000003
900000408000003020024709000017020000630000071000070350000407810090200000706000002
900000600007001005001860023000038000010040070000170000840056200500900400003000009
900000800080309057025000000130600020000128000040005068000000510590806040002000006
900001200873000100000076000009010070050000040060040900000520000005000689004800005
900004000080091000050800000070040590003675200041080060000008050000920030000500004
900070020276001940000000300050290001009000800700063050007000000065900213020080006
900084200000500046000260590700342000000000000000956002047098000630005000002670008
900207600020069137000000020000900004000825000100006000070000000682150090005702008
900400070000090601458100090010000000005274100000000030080002357507040000090008006
900640701030080000400005000003000090182000673070000500000900002000010060301026005
900700060004305070000040320000000090008609200060000000085060000090801500020004008
900800017703050600008200000000030052000000000270090000000004800006070203450006009
900800203070000000000006091090024005004598300100760040410600000000000080807002004
902705380006000000070920000047050000600000005000070430000068040000000600065409207
903080000000000000200700618030000700801090402009000080768002005000000000000040203
903200800174800000000090000501002000087509430000300105000040000000003674009007208
905420600006000040300000007700000090004208500030000002500000006060000200003091708
905600000080000005423700000002360000006852400000047200000004369700000080000003104
906080001701230000000000200207900060000050000010008402003000000000067104800020503
906300000002005891070000000003059002600000007800420500000000050381500200000002106
906400000800000204024700090003190050000050000010074800090007430205000006000009705
906800245070000000000001809800037006000000000600250004304700000000000060762009501
910800003032000000560070000180090000000701000000040026000050017000000460700004085
917280600200009000005100000003002000640000028000500700000001300000700001001063274
924050060300000002000000500100082070060301080030540001008000000600000003050060729
940008000038009000000200109062090000007401500000030210405002000000900820000600075
943001050600000300007490000006500030000060000010008200000039400004000001020100873
950640000000010005000002800015700008800000006400006520001200000500070000000034069
950680300308009000000000600030026450000040000094570080003000000000800502006052049
950802030300004068800000090000008300000961000008500000030000006680400003070603014
953000020000000347000080000000001056005762800610900000000070000581000000020000613
960001045100000206500400000001800000004156700000009500000007009706000001810600057
960312070003608000200000000000000043086030250340000000000000004000809100090147028
972080103001730060030000000000000004003817200500000000000000010080096700109070486
973085000000000000850270000040026700038000250002530090000059014000000000000840327
976051000000002170000000000040009008083000710600100030000000000015800000000310624
980034075500008200002500000197000000000000000000000537000009100003700004210480053
980300000000000000450090031600400078700105003320009005130060094000000000000008017
980500000520047009006300520000020370000090000057030000018003700700160085000008013
981500400000000059200000000000903210000080000073104000000000006710000000009005384
985130000037000500000000000002046701090801060106750800000000000009000150000084327