000000000000000879000812053010530708700040002805027040320781000587000000000000000
000000000000000945040213000003080100504090802009070400000138060168000000000000000
000000000000005193000079056006080400090050080004020600320410000745200000000000000
000000000000007349009800510000003090580010023010700000075009600821500000000000000
000000000000008690000579003930000107005902300106000025300157000074800000000000000
000000000000012354730509000005006090409000105010900400000604071176890000000000000
000000000000017940000403807020970306000000000503048010706809000018720000000000000
000000000000020401700503690060210700400000002005067030098104005507080000000000000
000000000000034570010008904090400680600090007045003090407600020068350000000000000
000000000000050026589003000005000201030090080104000500000300149650080000000000000
000000000000050106026081004004800500002000700009003600700420950608070000000000000
000000000000060091007031008003200100061070230002009800100480300470090000000000000
000000000000073896800000473008020061000318000410050700139000004782140000000000000
000000000000080265040630800001000082830000074470000600003069050695010000000000000
000000000000102964060900015703018400900000001006340807290005040657401000000000000
000000000000200980000869210504900800070050090009007605036481000081002000000000000
000000000000206381090810005060000002200753006500000040400075060952408000000000000
000000000000370800006509701900001043100000008820400007305708900008093000000000000
000000000000400602350260009700000800089010570005000006600042038504007000000000000
000000000000500008010006379027000900400837002001000840358600010700003000000000000
000000000000520790203060100400002031000906000160300002001040209057081000000000000
000000000000705014510040860070150600300000008002094070068010035790406000000000000
000000000000706413934800000008902300200030008003105200000004589659208000000000000
000000000000720850000080367012078030600000001030610790175030000094062000000000000
000000000000769001120400900409080130800000009013040805006007053700594000000000000
000000000000800479000519006060900007015020890400001060300175000582004000000000000
000000000000850472804000056005038007600070001900620500780000305521086000000000000
000000000000917405901000006000200370790080054023009000800000903609548000000000000
000000000000986005000230970002000059610000038890000400079013000100469000000000000
000000000001009207009076500500004030100000005070800004004280700905400800000000000
000000000001206073400003280860015000000000000000370069047800005230507800000000000
000000000001409005090100063000020901079010650406090000180003070700902500000000000
000000000001870400520001306010700000804000509000005010108500063009034700000000000
000000000002005740600820900250900004010040090400006013009082007065100200000000000
000000000002930050000012806000060208280040095103090000708620000020057400000000000
000000000003040015890070004500021840008000600012780003700010082380050400000000000
000000000003070201020001560009006005200105008400900700015300070607050300000000000
000000000003204910000359206510000007030506040900000023301745000079102300000000000
000000000004020750500006109010400600000307000002009010403900006091030800000000000
000000000004296000000705638041050000003401800000020340472503000000914200000000000
000000000005020080910064700409018070007639200030740908002480096060090400000000000
000000000005739006000800735000000871040050090198000000952006000300941200000000000
000000000006008050700305094000850910000467000037091000950704001010500300000000000
000000000006051894080600200070185300000000000005963020001008070649370100000000000
000000000006090012390040500000008790500000004072600000001030028430060900000000000
000000000006510700104962000002000170000709000093000800000896402001047600000000000
000000000007803010325000000008760059004905600650018200000000523080509100000000000
000000000009000238082500700800025000007103600000490001008004920145000300000000000
000000000009805002060210009620040007300000001400080035500024070200308600000000000
000000000010080275060053000670002530000000000043700028000530090859040060000000000
000000000029000604600034290008000005004159300500000700041670008806000940000000000
000000000029070080008200067200700030004982500070004008490008300050030790000000000
000000000034100002000485006001000095027000640890000700100374000400006570000000000
000000000039570000205830900764000300008020600002000794007098502000015460000000000
000000000040003006620098000006800905004050700908001300000640093800100020000000000
000000000040007085058400009065309000030010020000604570100008390570900010000000000
000000000040052700000003140900000610500604002082000005017300000008910030000000000
000000000040096002063401800587300000000000000000004785001708540300940070000000000
000000000040708060000002108010200075000904000780006040601400000030605090000000000
000000000046208009820149000769000000000807000000000741000385072500701480000000000
000000000050003100010407508070004000406378905000900020901705060007600040000000000
000000000052000790637000028000170000049305670000096000170000384083000910000000000
000000000052610970690004000310047800700000001008190053000400087071058340000000000
000000000053012970000008100027030009010090030900080240001500000092760350000000000
000000000059403000000017035900750400100000009003098007720180000000902560000000000
000000000060037210000860079037200050000000000050006840820041000014350060000000000
000000000062400709009100620030500080000736000050002090045001900708005230000000000
000000000063080105519004000205410000000000000000067301000600254601040780000000000
000000000068540090079003800601000000090604070000000608002800750050027430000000000
000000000078006904430570000001208006000090000200603400000062031803700250000000000
000000000080000963700130050000200796200000004856004000040053009925000010000000000
000000000089700000000160493008906500300000009001402300736021000000009710000000000
000000000090000038078002951000500600005126700002008000841900520650000040000000000
000000000100027090000054370005009020001080400090400600053760000020840007000000000
000000000100052004870300001006090013510030079790080400600007028300520006000000000
000000000100095082000700130040000001700623009300000020054008000680210005000000000
000000000100962400620580700071006080000000000090100620008095073009237004000000000
000000000130000067700086139900800000801030406000004005487360001610000048000000000
000000000160200400420000650030501000500607003000302040082000091009003027000000000
000000000194300005000710460460070100000000000008020046086049000200001394000000000
000000000200309400780020010030004000062090570000200090090060081005702009000000000
000000000201943000036001000950080007100000006800010059000400980000795401000000000
000000000205008090008070040700030060003714900040080001030050100070600304000000000
000000000300005102500092730001200450000080000059007200027950003405300009000000000
000000000312400086945000300006090003000286000500010800008000792790002538000000000
000000000340108000825300100080200001060050090900001070001003456000407012000000000
000000000380100402745203000000080070010302090030050000000407926203006048000000000
000000000400095760563100000200008040640000087030200001000001974087940005000000000
000000000489300000003042060602009007000000000700800502040750900000008721000000000
000000000498020016620080000007265008000000000500947600000010062210050749000000000
000000000500400090000006428300908040160000089080201007943800000010007002000000000
000000000507600409804007000085006003060080020300400560000900305908004702000000000
000000000539087000067000001000061902004708100601320000700000280000230579000000000
000000000576400000300500108007350000820000035000087600703002001000001582000000000
000000000600080240489005000003096050060050080070140900000300524051060007000000000
000000000600830500708004032500007089000000000380500004430900608001062005000000000
000000000700003060308090750002760000140000085000085200084030906010500002000000000
000000000703000200650000074009306400004205900005904300480000091006000502000000000
000000000708500040512008000006805900050203010003904200000300621090006508000000000
000000000716003000493802100008007030600000009030900500004209871000700392000000000
000000000724000010006074380000082030600000005080960000035820400010000263000000000
000000000740009500000007109050002900800000006003100070609800000008600045000000000
000000000780042009902000780000060038000704000450020000097000605600480072000000000
000000000800004937307500001006400000180060043000008500700001309238600005000000000
000000000800046050007000308004080100510070093003050600608000900090830001000000000
000000000800065000304000017182004000003000400000200178490000306000790002000000000
000000000800750900000130086010000509340000068507000040980042000001089002000000000
000000000804000100070830954040750030000000000050069020568073040002000506000000000
000000001000001430000457960846000250000000000017000389054286000098500000300000000
000000001000005940900870600000200017083000420710009000009016004031900000400000000
000000001001307008005800030060001980007060400093200070050008200700402800400000000
000000001006000275093700000400030000002157800000040002000008140348000900200000000
000000001034905000009780030026000700900070002007000850090058400000106390800000000
000000001050000093943510000009600080100080009080007200000028416890000050600000000
000000001063400002210583000007000084000060000480000900000348015500001420100000000
000000001400905000000008563000700100008693200009002000764200000000801007900000000
000000001800900000149060000005080009008479500600010700000090685000003007200000000
000000002000900017071020008009003760800090003035200100100080230340005000900000000
000000002007860000050300071090403025400070009570208060730009050000086300100000000
000000002010087030005000478050090300000731000002040060781000900060370040500000000
000000002080002050500140060200001080003070500060300007070059008030200040100000000
000000002306020095790100000201700006000000000900003108000009073140030209600000000
000000002900062304020139600008300000500204009000006100002698030309720006800000000
000000002900800710700190080090003000000584000000700050070036001046008009800000000
000000003000002400516008000078020090000106000090070150000700549004200000300000000
000000003000005091089000050600507089000308000370409006090000270850600000100000000
000000003000039028000200190703905200000080000009603805014002000620710000300000000
000000003000071090930002157273005000000000000000800625591200034020750000700000000
000000003000310005003096410006008040002070500030600900074520600100064000900000000
000000003000809641000600780096520000000000000000074590058001000461907000700000000
000000003009008416318600000000063705000000000203470000000009634492100500500000000
000000003018900000542010700000008370000765000096300000004030182000004530800000000
000000003502000640014000700050107300080604050001503060005000470047000201900000000
000000003900082040025010007000508700500000009004701000400060310030250006600000000
000000004000401002030050607200000090040132050050000008601080040400503000500000000
000000004000804610004057000090500078100020003430006050000710300087602000900000000
000000004001070000000900863560017030000000000080620075128006000000030400900000000
000000004080001002007209010030020600700000008006040020070106200500700060300000000
000000004370000510109200060000042790000070000054630000020004801081000056500000000
000000004750000020000027015009130000803060902000092300190650000080000056300000000
000000004802009600015080000000008002063904850700500000000010390001300705600000000
000000005001020840000503002190000004000187000200000076900301000058060200700000000
000000005006900013091400060400800600000040000003002007070001380260004500300000000
000000005030400090009000102700062019000080000180540006207000600090007050400000000
000000005800340000045290000050080901001903600603070050000034820000029006700000000
000000006000000570004573001052740030000090000090068450500136200023000000800000000
000000006000950840409800200000503420000000000057608000008005902041092000300000000
000000006005300280328000007007020000800195002000070500500000729062004300700000000
000000006080360500031850000006102070000000000020706300000023450004017020200000000
000000006102006000064000258943001000000902000000700649286000410000200803700000000
000000007000060090072008140000021700086504920001680000043800560050040000800000000
000000007000070520901005008035890001000050000800037450200600704069040000400000000
000000007007800004403002890090200000000517000000003060018900203200004100900000000
000000007064050000000800562700105000400030006000609005258003000000020890100000000
000000007300000809000728600008057200004000100002340500006519000103000004200000000
000000007490020000800309020009086300008040200004930700030802001000050062500000000
000000007608000300070104090460025000030000080000790054080407030006000109100000000
000000007730500060026010000001007082070040030840900700000030540010004029400000000
000000007870100000450970006006300000290010063000008700700069051000003049600000000
000000007901730000002006380207500000008000200000009103029600700000051904600000000
000000008000075000198000500056030900803409705007050460009000637000580000600000000
000000008000180435000030006008903072000000000320804500400090000863042000100000000
000000008003002005105400609000720040006040200020031000308004502700300100900000000
000000008090080057000167040004000060050304090070000500040896000730040010800000000
000000008387600900010208007050007000093000420000500070200703050009002761500000000
000000008400900073020640000900000310004000700031000004000072080680004005300000000
000000008405000000000750613000500090004010200030007000516039000000000409200000000
000000009000054302060190040609000000502609708000000604050063080904710000800000000
000000009040000003600059020000047080470080016010630000060310007300000040200000000
000000009049350100020091300002905000053000480000103500004860070006037810700000000
000000009050236000002041000006000013031060480420000700000620500000158040100000000
000000009800000006006370801007080600060701050001020900602095700100000008400000000
000000010000070230030000789050002000400509008000400070671000020082010000040000000
000000010007049200400005760631000000000000000000000497026500008008120500010000000
000000013300856000007000060472300000000208000000009246080000700000931008960000000
000000015005002700007001820800900506000060000701004002026100900003400600180000000
000000015900000040100385600320400801000000000508001037003197006050000004260000000
000000020203097000080102070097200010001000500060008730070801090000670105030000000
000000020300006017000123000100005034005000800640200001000472000470600009080000000
000000020460800100000200059000600018004508300650003000790006000001002086080000000
000000023000704185300002000400006500000050000007300001000800002629507000530000000
000000024004000315300040800700460000060901080000083009007030008638000500250000000
000000024006500000005040096030800010060157040010006080350010200000008400720000000
000000027000082500007091004691800000002010400000005291200140300009230000310000000
000000027028003000000294300900000040004176800080000005001638000000400610470000000
000000027208000000000710830007090008000831000500020900061059000000000705350000000
000000030000034062000271805000000426060502070127000000605928000380710000010000000
000000030000401009005030014057000008680709051300000490870050900500806000090000000
000000030000673150000800006830701005400000009100309047300005000054187000070000000
000000030000705400014600970035000000900000002000000690078003140001206000040000000
000000030005000102000318000002937040004000200010284900000573000908000600050000000
000000030008036004000002006004503901009784600306001500800300000600910400070000000
000000030082000005700009006073610009006040300100038260600700003300000820020000000
000000030130095000067004000000900408090060050802001000000600720000580069050000000
000000030400070901050003406000100050010090060070008000504300010109020008030000000
000000034008050000070809000009080301000142000201090500000508010000030700190000000
000000034060003900005008200100400070400090001070005002006700800002600090790000000
000000040000002900824000007008065009006020500500380400300000768002900000050000000
000000040000506172040018500001800000500070009000002300004320050317609000060000000
000000040036100000895700020100003005000609000500400009050001763000006950070000000
000000040078509000000018002850000600003080400006000031200830000000906250040000000
000000043741000500000509000050070004800000002300060010000308000009000736130000000
000000045000005800050978600070800002006000400100002050007526010002300000460000000
000000046040000000076040503060014008700306002900250060802060430000000010630000000
000000049030400000600008130002300000004907600000005200053700004000002070120000000
000000050009080000280903040100008003000196000700200001050807092000050400060000000
000000050080902160900600870050406700000080000003107040049003006071804020060000000
000000050460000900037091004800702000006040700000803009600410590003000062010000000
000000050800007400005234060039570000000000000000086910060349500003700008020000000
000000052470090000000000030007005800006273500005400300090000000000020086730000000
000000054210000000009700000060007500001295600007400020000006300000000097430000000
000000054803000900000900037900031200300642009004890003190003000008000105560000000
000000056026510300300009100000000290800030005014000000008300009009021780270000000
000000058006001000000080624000006780080040010069100000728050000000900800940000000
000000060000083090859200000502000009090070040700000105000005723060930000010000000
000000060000203004790005800000060017020000090510040000003400081600309000050000000
000000060000905000009248001210000490090502080038000072400731600000409000070000000
000000060300700000002098437127500300000000000003009241286910500000002008090000000
000000060514300000026100004000005042005060100730400000600001420000002953080000000
000000060872030004610500000085400000700080006000005420000001085300020741090000000
000000061000050000000900720050830002038507640700029050045003000000070000980000000
000000063000904800000530200001007500070040090006300400009018000002605000540000000
000000064005001370320000000000900032000508000830004000000000091096300500780000000
000000064830000700047900010000709005308020109900108000090001680003000041710000000
000000070000008351000005924571400200090000040004009165142800000387200000050000000
000000070005908600978600000000000002700129003800000000000004736004807100010000000
000000070010406250009007036000500001600030007500004000870200900025709080060000000
000000070100004050007600903000007800009286100001900000403009500080100007060000000
000000070248000600006000452000780900900030007004021000432000800007000235090000000
000000070510809000006400090000037920200000003063210000020005600000903048030000000
000000074070009008546000000100003050000562000020700003000000495900200010730000000
000000074307690000006400300000900001030516080800004000003008900000069508290000000
000000075500009000031700008000090400006802700003070000300007250000100007410000000
000000079200745000080190000060001000300000008000200050000072040000984003590000000
000000079800096500095000300016800000000203000000005840009000280002630007540000000
000000080000000207207948300028010730000070000076020940001364502502000000040000000
000000080000001590300000106500064200003020400002980003407000002061200000080000000
000000080000018000300902041005090018098000650130080900840209003000740000020000000
000000080000021060250700009705100430000000000024009106500008027080950000040000000
000000080006007090000536400049005700700000003005800240003728000020400900010000000
000000080400010000000004921003001040607000302010700600128600000000080003050000000
000000080700309150000160209160070900000906000007080015903051000051604007070000000
000000080820905006000420100000000908700040005108000000002091000400203071030000000
000000080870400000001790630300000800006852300008000006069071400000006092080000000
000000081040001090000009720000000640200603009091000000076400000050700010810000000
000000081703000000280900750000053090000107000030680000027006035000000409860000000
000000083800364500150000000500007900006010300004600002000000036009735008340000000
000000084100009700400006092000600940000931000095008000230700008007800006810000000
000000084609007020205100000000030002092000610400090000000004807060500209520000000
000000085008245300300000000060007200810050036002100070000000003004318500980000000
000000086000060305000253000090500801060000040701004050000978000209010000510000000
000000087000028015000160000500002700003614200001700008000071000760280000910000000
000000087200601500500007690000006470000010000037800000012500009005204003360000000
000000089010000700390007100000270003040903010900051000004800032008000040530000000
000000090000040250000005036008000009230159067600000100360800000051060000080000000
000000090009300801000095204372000900000050000004000168403870000205006400010000000
000000090302800000000053860100090008076020310500060004031640000000005106080000000
000000092250000004003059000000420010710000026060071000000180600600000079480000000
000000093000200005100008420000020750003040800091080000064500008800001000510000000
000000093007800025000029040395400000000000000000006357030260000240001800870000000
000000093710090020000103400500040000004501800000060001007402000040010059130000000
000000094014500000600080200030000009200693007800000050006070003000005420480000000
000000097500060042080500300006300000040128030000006700002009010310040008460000000
000000098008090500000005100200004080061308950070100006004600000006010800590000000
000000098074150300200000400000541206000020000401867000007000009005086720160000000
000000100005200630000164800063000010050070060070000320001843000049002700006000000
000000100900016005003500046040008300000732000008400070890003700700640009005000000
000000106060009000028060430003008020000000000040900700086070350000500060402000000
000000107290107300000006000306400702050000080409008501000300000004509018902000000
000000120030006009500702000080070001920000036700090040000409003400500010079000000
000000130060005002190800000000004006400030005900500000000007023300100090029000000
000000140002064500010000003406803000900070004000906307200000050001790800039000000
000000200000090467000735900014000000000859000000000870006987000547060000009000000
000000200000930650020006070204500000005379400000004305070200080042013000008000000
000000200003457000000310097014200050200000001080004320430068000000543900006000000
000000200050907001973800000006200000030050060000006300000008154500309070008000000
000000200200097030000426100062500400800000001004002960007289000050740002009000000
000000200600300040890004037020600000300247009000003020240900073030001006005000000
000000200700030510003001007010759400070040050004183060800400600025070001001000000
000000203580000100003860000000300040900020006070001000000032400008000091409000000
000000206003900001040025000970360000006040700000051069000290050500003800802000000
000000206790010000000600070020900010160020089050003020080002000000080043904000000
000000207060000039200940100840650000000109000000073028005096002610000080904000000
000000208030002500000045067190000000500184006000000051480760000001500080906000000
000000209390500000008300050409230000000000000000081607020006500000005078507000000
000000230000510090000003054079400005000786000300009640140900000030048000026000000
000000240000094600000503910004100000900000006000002800032907000006230000041000000
000000260070000081008750000700002009000649000900300005000034800810000030039000000
000000263530600040010003000400100700000708000009002006000900080020001057697000000
000000280000208305000073006504000002070020060200000509800340000301609000096000000
000000300000005824042000607004560000300000008000042900406000580538100000009000000
000000300000809050079000000000002037026010940780600000000000810040305000005000000
000000300030400207000732060000800130800020005096007000070614000603008070005000000
000000300614800050079000200000008004000761000700400000007000820080002163003000000
000000300806000047000036082007009018000020000960700200650240000270000809001000000
000000304000080570190004000406300010070050060010006903000200038081060000903000000
000000306006000002070830050002790000500000003000061200020075060600000500804000000
000000306530600804704300100000053000058000430000840000006009502305002068902000000
000000319040100000000005820008950007700000002900031400076500000000008060194000000
000000340000200080000805012009700001001324700300001400670109000010008000093000000
000000345400200000000400100090070850080030010034020090007005000000001008659000000
000000350004007008060000001000300014003419200740006000100000090500200800076000000
000000350090700000007008420050130000200000005000062070086400700000009040023000000
000000350800034006000506900000007800014000590002400000001203000600170003038000000
000000354000684720000000000000030510074508230065020000000000000032749000641000000
000000360080050400003640050900400700000000000005001009030015800008090020051000000
000000362500060000000100079650800000003070100000009083180007000000040008479000000
000000370080005900000007684004100090001030400070006200546800000007200040038000000
000000380006870000005020000070009014500000007460200030000010400000053100023000000
000000390070006400000379002004200009060080030900001700200543000006700050035000000
000000390700001400264000700006100020000305000050002600007000254002700009039000000
000000400000001073600590000007230004090000020800074900000026005580400000001000000
000000400000340702000701938000400080500010003080009000642107000705062000008000000
000000400051200030600040000005080010008421300090070600000050008080006590007000000
000000400135000806000007050507904000060010040000603105070800000306000927009000000
000000400708304000002005006650200000010000080000009057900600200000702301005000000
000000402000056000030010070090001600805000207006500030040070050000290000508000000
000000408060510032008400000500090000093050210000060004000005300750036020302000000
000000420000080076000300090040600005801030907300009040090003000720050000068000000
000000486080400920000020000008701000630040095000605300000050000065007040349000000
000000500002003004653900007000070010806409302090020000200008493500700800008000000
000000502000906007000050130186530900000000000009048351064070000500204000901000000
000000504573800020000070000008120000010040090000065200000030000040002139906000000
000000518206050000051000090000503600000807000008602000060000130000030704312000000
000000560000590004007000091010032000080000010000460080650000400700013000038000000
000000570000487100100600000480000200360000081005000043000006002007129000093000000
000000584000510000000079026200000741000020000168000003470350000000086000831000000
000000600000000938060081004050034790000705000076190080600240070538000000007000000
000000600005270001034000090910050000000308000000010037050000170700024900002000000
000000600007905000380000070006050098009010700250090300090000036000604900001000000
000000600019000030002139000050300000060941020000002040000783400070000260008000000
000000600058000429900800000000009003030105080500700000000003004743000950001000000
000000600369400008070020900400309000700080009000106002007060010200001746008000000
000000600600002791024006000001850034000000000740063500000600480486900007003000000
000000600820000000007610540000080004008165900900030000054098700000000096009000000
000000604509002001600081700080065000000000000000210090004190006100800902306000000
000000610000065809800900020003809700000000000002107400060008001901650000027000000
000000610800107002007003000000090040500070006090060000000800100700409003058000000
000000625000002180070600000300200700007805900004006003000001070089700000765000000
000000630002600908060020050700060800000104000003050007070040090805001200094000000
000000640020506007003900500007860020000103000030057800001009200900701060072000000
000000640400036159050900000000000376700000005869000000000008060346570002081000000
000000670020003000900010083009200000601000907000004100270080006000400050015000000
000000680830091000200500100082070000900000005000030840008004009000250076075000000
000000687010004000708000200000002350000731000024900000009000506000300020587000000
000000690040020300001937000075200040000000000060009280000173400002050060057000000
000000690075009000000368001700010200006050400004090003400671000000900180013000000
000000700000003481000160205009348000080000040000756900906021000725400000001000000
000000700000003690506200000700089230009030800023460001000004102062900000001000000
000000700000560003010840009407100090500000007080002604200094080600085000009000000
000000700012070000000406190000800005291000648300004000074201000000050810009000000
000000700036900000000713029040650008500000004300049010620594000000001930009000000
000000700037000010500080632800007100700060009004900005245090007070000240006000000
000000702580600000009057000000009674040080030973500000000270300000003061408000000
000000704476008005200700060000086000001020300000490000050004003300800216602000000
000000705090500000000206080079010008803000104400080960040907000000001030301000000
000000710829710000700000000000107900100805006003604000000000002000079538034000000
000000740001007600530090020000018007050040080300970000040020019005800200092000000
000000800076000142000600090040009560000451000015300020090004000523000610007000000
000000800076900000840300079100009030000205000020700001460007083000003510008000000
000000800400086000006007920070300400005070100001002050084100200000460003009000000
000000803080670090502000000100060730000795000078030009000000907020048010604000000
000000806900810704080090000000100203010040050503006000000060040201074005704000000
000000807030080000000072536020790000001000900000026010973840000000060050205000000
000000809002000705350006000700084000080030010000650008000300082506000400804000000
000000820026740000009001000030009001010564030900300080000900700000083540085000000
000000840040029603090008000720600000004050300000004021000500030203910060076000000
000000841000002005407000000000040038103050907580090000000000609200800000914000000
000000900000001045300050020051280000204000706000075180060090007490700000002000000
000000900008700000926003800004306002010000030700502400001600357000004200003000000
000000900500016020009030180006104500800000009001209400093040700070590002005000000
000000901369000080000300064001500070000843000030009800910005000070000598603000000
000000902010009000005200140500600000049010720000003004086002500000400080903000000
000000904000000065907400000090507008020384050800102040000008702180000000203000000
000000908000490120700001050000015000401000306000740000020800009096034000507000000
000000940070000001600009008020035400050040060006710020400300006800000010065000000
000000940500630020014200000008060009001000500700050400000006280060081003097000000
000000961600009000301008000040080592000000000928030040000800203000600004274000000
000000980743090050005600003000006000079501320000400000300005700060070835017000000
000001000000005709900600821070900050300000002080003090714008005203700000000300000
000001000000069007824700000012000900060000050003000180000006475600170000000800000
000001000050200400006700902100605003000000000700403005902007600004009070000500000
000001000084300000000802453801000002200605004900000105125906000000003720000100000
000001003000007050430000016590000300004503800003000091670000038010200000900600000
000001004063000090040000260071040608000672000506010470037000050050000740900400000
000001004490008025000400093070100800000000000008002010510006000260800059800300000
000001005610000030040002600007200003000508000500007200003700060060000081700100000
000001007000690040007820009078040050002000800030050710700082300010063000200500000
000001024900600000018300006659000000000040000000000978500009280000003001240700000
000001040026000001000000963005078600600000007001920800568000000900000450010200000
000001050000900271000075900804000020000103000070000803003850000581004000040600000
000001062086005000004007000300008046400603007620100009000700500000500920510400000
000001070000205900041000000400500020070328090060009007000000180002706000050100000
000001085600008409040060000000000768050040020296000000000030090109600004530900000
000001089060400050000000003005620000100070008000084900300000000010005020870900000
000001200320000000800090000035078020708652901060310580000040005000000062004700000
000001200406000000090800005009010080015070430030020500800009070000000308001400000
000001200780000000900008610430000000060895040000000062024700001000000075005100000
000001307250300400000700200340000000000607000000000094003005000001006028506200000
000001342000000800074000001007090050010305080080070600800000430009000000342600000
000001425460000800000540090000300002043000760800006000070062000006000074394700000
000001457100900080000000030680023000000070000000450063050000000040006001736800000
000001500018005000562000000020070600900080003001050040000000758000500420009400000
000001503040003000000500941820000000409308205000000078381004000000100030604200000
000001692600008140000200000054000800000090000006000410000003000083500007725400000
000001700100000400760005290500000010000030000090000006081900032007000004003100000
000001800008394070920000000500100000084020190000006008000000034090643700007800000
000001830000039420000600000001040009927000364400060100000003000056190000014500000
000001892000300060200006003010095030003000600020130080600800007030002000984700000
000001900000508036006007400000000059097000380320000000009200800740906000001400000
000002000000000870470360000024000005700194006300000480000026013056000000000800000
000002000000097016194008300000000860401000705089000000005200983340910000000800000
000002000041930000000000362010000003302794608800000070963000000000063540000200000
000002000079130800406000209940700000000000000000001064503000908007059430000800000
000002000190304080300160900000000015860000039730000000003029001040801026000400000
000002000300008290008000600002900060640080015030001800006000500084100003000400000
000002000674003000100804070000000584500000002946000000060507003000400759000100000
000002000910000700300560040007400002820000053500006400050014007009000016000200000
000002008006094000072350000000000083005020900180000000000086540000240600900100000
000002038000000002020036400300708001090000020800605009004960050600000000750300000
000002039000000000038906050000097500007153600003820000040309720000000000180700000
000002054030000000009005600047001006000257000100300570006800400000000080810400000
000002095300080000000006201005000319000000000938000600109400000000060003540900000
000002096000018075040000000001009000705603901000100300000000080430520000510800000
000002100023700005810900000370080000050000070000010054000004097200006410001200000
000002108600310400201000000020400705000207000407009030000000904003096002502800000
000002300900780000000490600031000000042030750000000820005068000000041002006900000
000002316000430000030900082390000057000000000160000093210005060000019000985700000
000002369000708410000050800021800900000000000006003240005080000093206000682300000
000002500004003126010650004160000000000308000000000062600039040839500600002100000
000002560023400100700000000009003000300794001000100400000000002008007950064200000
000002580042050010806000000005010063000000000730060200000000905080040730064500000
000002580308470020900000000000000003003521400700000000000000005090015306084300000
000002600000090050310800002920000500007010800008000047200005019080040000003700000
000002700072090000000400100086040090095608240040010580003006000000020960009500000
000002704709003600020100000004300090800000007030006400000009040006700108201800000
000002745000007800800000009080710200000409000005038010200000006001900000379500000
000002900280064310600370020000000630800000001065000000050027003043680072008100000
000002984000004310000360000000000702007296100804000000000085000036100000785600000
000003000000000029653000000008004002900625007500100600000000718490000000000500000
000003000000006740900570060760000004000314000800000019010098002072100000000700000
000003000000708129002000060920005030400020008060900072010000800395102000000400000
000003000001248000864050000907000400040506090008000103000090571000385900000700000
000003000004020070000070136600007090007961400030800001915080000020010800000700000
000003000060708900000000247900030510100000008083090004452000000007201060000500000
000003000070000608820065070250030006001000700600040052080390041902000030000400000
000003000090000001263900007135090060000000000070020938500006423600000070000400000
000003000269000083000002006690000054030947060840000092900200000370000825000500000
000003000450100000000000148087090030010632070020080610743000000000005087000300000
000003000603080014420001700912000000004030100000000927005300091730050802000100000
000003000680200000035109000001900006900030007200005800000504970000008051000600000
000003000732400100010000060001040035000030000350010200080000090004007623000200000
000003000930000080184000900098500000700040005000001420001000396060000072000600000
000003004304700800600000000000230960000000000016045000000000002008004501900600000
000003004378206000002100000080000700009060200006000080000007400000801369600500000
000003005208000036004009870001600000040030080000008300076100500150000708400500000
000003008000005073090040000007006300130090054002100600000020010670300000800700000
000003015540000600000059400080395007003000500700184060005960000004000051810500000
000003018000010026901500000092000000000751000000000840000009601740080000120600000
000003020000089650200000049000600100001325400003004000190000006047590000050800000
000003027040000000502700640000370410000050000097021000053002104000000080170600000
000003040020600001600500700410705600008000900006804075007001008800007050060300000
000003049180000205020000000002710800000862000001095700000000080203000097470900000
000003050780001000003009027064000000370000015000000340450900100000500036030800000
000003056006400700700091800000006105000070000204500000002160004007008500460900000
000003067002600901470000000093180000000070000000059320000000079704008600980700000
000003097001009008005000460019238000000000000000514930043000500500300800120800000
000003107030097460000008000900000004007105600300000005000900000015280090204300000
000003184100000000000050069050400200002607800007002090690020000000000008213800000
000003200080600030050009006500010007860090024400030009700900040010002070006300000
000003207000600508500090000007030080000509000020010600000060004402001000108900000
000003500001005837000006009020000081000129000710000090300900000982400300007600000
000003500900852030007090000000000010703010904080000000000070600040138009008900000
000003600576400000000000007003200040402000806080001900100000000000009321007500000
000003700360700000007628050009000006700346008100000400090487300000002047004500000
000003702048000060100000000000000083703809601810000000000000006020000490407100000
000003740000005600000841290000000406200000009801000000037524000002300000054100000
000003804000745301000000075056000030000602000090000580560000000901587000704200000
000003820000890600065071400508700000030000050000008302001920530006087000052300000
000004000000000027034529000008007090600402008090600300000831540540000000000900000
000004000000280010409000570003700000600412008000008700091000205030027000000800000
000004000000600408070009650037540900009060500006098730094300020205007000000400000
000004000070010082400500010084000006010080070600000820040006009720050040000200000
000004000280000030000031942070610000006000100000075090531740000090000067000300000
000004002007000000804700009008900005079601820100002700900005401000000200600100000
000004005000050680030800041009510000800000002000038400180003020073020000400900000
000004006000081954540900070000000007029000560700000000050002013417350000300800000
000004006500017900008000020486020000000000000000050768030000400004180005700500000
000004009030000080000071620700100005950030061100009008084910000070000040300200000
000004016000670000900005700530000008090853060700000043008400009000086000620500000
000004020304009000006380070100700403000000000508002007090043700000900206030100000
000004030004070050070509000400600020506000307020003006000301060040050100090200000
000004051901560000000009000008400700000726000009001600000600000000087209240900000
000004060600081300750300000010020006300000005500040070000007012001430009040900000
000004068900000000000036910100078004070000050500940007053820000000000001210300000
000004086089010000000009040004030600300000002005020300010300000000050870570800000
000004100000120800000007096900400005070050060300009008760200000002085000008600000
000004100400100027000035804010000900000926000007000050603470000780003006009600000
000004107400070080000082900060000700008321500001000090007210000080030001905800000
000004120001305000390100000000008705030000010807900000000003094000407600046200000
000004200000002430040300590000500080200070009060003000019008020036900000005100000
000004200007000048020000069053042080000708000080910430670000090430000800009200000
000004200020050010000207600300000098460000071790000006003409000010020060006300000
000004200600090000200008061020000710005102600091000040150300007000010008003400000
000004300730000010602090000920045000000000000000360084000010809050000061008200000
000004320000003000001289000950000160070050090043000085000921800000600000025800000
000004360090080400800300700000856010000040000060739000009003005001020040052400000
000004370000070000013050804900600000057090240000005009104080530000060000036400000
000004380000007600490000510000410002008000100600072000064000093007500000083700000
000004650000086000000900017902000070704020301010000205640003000000160000085200000
000004700950000020080090005000020800008975300003080000400060030010000072007200000
000004701100360020006000000300050007014000580700040009000000800020096003908500000
000004760100207030007100005509000000000080000000000102700001600080506009036800000
000004800062030000980001640000000097000050000730000000071600083000020160005100000
000004901000098005049000000030500180400000007071002050000000290200370000104600000
000004978700006000039070000400000005501040309200000006000030590000900002975400000
000005000000008903040030620720000010005604800090000062084070090607800000000100000
000005000000060801000138205001000030036020540070000100507983000803070000000500000
000005000002000604080746090806000000700402005000000901050394080204000100000600000
000005000600082900201600000090003500700000001003100080000004103007360009000500000
000005000901000002028090070053809000000040000000503810060050480300000906000200000
000005002002746000008030007106000000070000030000000204900070100000618300700400000
000005004012700005340920000400000050020080090060000007000074012200009530800200000
000005004500000017800007250000800006006539400900006000019300005750000003300100000
000005020000090040835000100247680000000050000000072816001000457050030000060500000
000005073100000000080340900009406008000000000400703600007089050000000001210600000
000005092000000008000234700030000120000603000024000050005749000200000000870300000
000005102109800000052000000500090740000050000013060005000000270000002406908700000
000005236030620950000900000003000008025000490400000600000007000092014070317500000
000005280600090000702308000370000040005000600040000095000103908000020007038500000
000005403060004509000001270070009600500070001006400030012500000607100050804200000
000005600003070000570000401000208700100030005002506000307000086000090500004300000
000005607091700240007400000020000408000000000304000070000006800073004120409800000
000005613000190040000000200900018700500000006004760009003000000090046000816300000
000005630000370000008900001039500210700000006021006350500007900000053000072600000
000005836300090000080060040000006179007000600916700000040080060000050002691400000
000005837400010000000690100000157060070000080030286000005061000000070005821500000
000005879000000000000068514008500097503000402270004300762480000000000000354600000
000005904100080005200010000040006520000000000017800090000030002400020007803500000
000006000000008560080573201410000900320000074008000012702419080093600000000300000
000006000000580400000100328006007030930265014070400500725009000004051000000600000
000006000200001093006090170000003001807000305300800000063050200140200009000900000
000006000704500008900010320001000032009040800270000400036080004100004905000700000
000006000800250070570080000405000031600905004230000705000040013040023008000500000
000006004004000793300000000690305000800000005000401029000000002578000100900600000
000006005000012006490700000047000600500000004008000370000005093300870000100600000
000006009004000802000870003009048310000000000037920600400067000601000500700500000
000006009370004000000050604107000020090070050050000703508010000000900062400600000
000006018900300200008000070803610000005030100000078603010000700007002009530900000
000006020009400500460019000006075000020000050000860700000520068003008200040600000
000006023004020058900000000070680005006010800300092070000000001820060400490100000
000006024002185600003000000004860000120000036000023100000000500006952300950600000
000006030008040000062000009300002007000715000600400001100000650000080300080900000
000006035000000004705100890600200000120308057000005001097003108800000000340800000
000006040010000290000890100070000008080947020600000030008019000094000010020500000
000006070900230000502000930400607000060050040000403002084000301000019008030800000
000006090000100738003800010000000104089000370501000000040005900932004000050600000
000006094001403560000000030403000080000907000070000302060000000037804100980700000
000006100870905600006200007415060000000000000000090315700009400001508092008100000
000006201000120004040300000051900000200000005000001670000003090700084000805700000
000006380000890001097000250486000000000000000000000125061000870300018000028300000
000006400170800000800320000010000347600000002934000060000048006000002014009600000
000006400200008700817050030000000089000010000520000000040020367005400001002600000
000006400479001000000540000967000304100000007803000961000023000000600742008100000
000006409806000000450080000000005097200040001170200000000070064000000108307600000
000006410600090008001200007067450000000000000000018260300005700400070006085300000
000006430910000000000708500604800050000050000090004108008903000000000017027400000
000006473000000820600007091318050000000000000000010368560800007071000000432100000
000006490000007850050002007500000080008040100010000003800200070061900000039600000
000006503500020004000003920000000037034000890820000000098400000400070006307800000
000006700090000405040301090000000340000702000051000000070103020904000060005900000
000006780023000004107008500000490100000000000005037000008900407600000350039500000
000006803600090020030000610006070002001000300300050900068000040090020008704500000
000006805008150070000000100000040026200000009580090000004000000030029400107800000
000006900320000060090508000000490700600000008004062000000709080040000015008600000
000007000005040900074306500020700003700000004400005060008603120003080600000100000
000007000028000001003009647809000000000615000000000406395700200400000830000300000
000007000074200500800000960300001040000376000010900005051000004009005830000100000
000007000086090001000000605709006100005914200001300904903000000600050470000800000
000007000203000900005602801000000480700508009019000000608409100001000602000100000
000007000806000057070081900090000514400000003381000060009270080240000705000300000
000007000809000120305080004000020050500806003060090000600010408091000506000400000
000007000864000170007600300005940000010000040000081900006005400098000651000700000
000007003800005700702040000000000065003802100940000000000030501008200009500700000
000007004920030000005400180100000090002108600050000008087004300000010045400200000
000007005000020849580000060820001700060000090007300028090000081214050000700600000
000007010600104020007900000300000490506000802074000005000003700050706009030200000
000007024026001000000060070008000056260070048410000700080090000000300580350200000
000007040000000208900043100000000401025010360706000000004730009801000000090100000
000007043360850100000006000090000200102030709008000050000600000001025086280100000
000007048070060000002830000000000001307080605400000000000056900000070050830100000
000007061600009000007600800400090070025000640090060005002004500000300008510700000
000007152000000000000300697010085200008040900002910080259006000000000000783200000
000007400700560000002000005019008760400020008087600340800000500000094006006200000
000007600420000037000040001000136504000020000301794000600070000790000082008400000
000007630207090000900100507000000856000000000175000000706005001000030205053900000
000007800000000340000935001380000600060892030001000089700469000048000000002700000
000007800020000000000658204507430000090000030000085401402876000000000040001900000
000007800290080004007300000000000401160020038908000000000004500300050016009200000
000007890900002050000150002493000000000000000000000245300068000050400001064700000
000007900000002013908046000090000120200000004014000060000630807470200000006900000
000007900400000217000400060002100050540682091010009400050001000297000005004200000
000008000000000570200010846800061400009000100001280005548090003063000000000500000
000008000065300009890050000076030800420000093003080740000020038700004260000600000
000008000605400000030700060140092000907000102000180034070006040000009807000800000
000008000803004010140650000004000006051060870300000200000093042010500903000800000
000008002200003509600740800017000000400000005000000930002085006809600007300400000
000008003028300900000060084500041600000000000001890002980050000007006430600700000
000008003103070000080006054670000945000000000824000071250600080000050102300200000
000008006061000009900240700400700008000964000600001002009037001700000980500800000
000008007008050000490000020100200700003947600007001004040000059000070800500100000
000008007016000000008123060021000000040050080000000720080437500000000630300200000
000008010003106802090000000100007200007040900002800006000000070309601500080500000
000008024801000500794000000010036900000809000008420050000000265002000703630100000
000008030750003600000000250000005004073000560800300000069000000008500076040200000
000008040109000000400900268010097500000060000003250070278005004000000703040700000
000008043000074165100000000000005004095010720600400000000000002264580000580900000
000008050000000001301970008700050090085702610060010002800021407100000000070400000
000008072028000050000062041000590000009000200000041000850920000010000530340100000
000008105608000040030000008000920001005163900200085000400000030080000206703500000
000008190009025700026000000000001850000607000083500000000000940001750600034800000
000008200502060000600000030050007001100895007400200080010000008000080109005700000
000008490250013000000050002000000609500802003708000000300020000000380047017500000
000008500000610400710050000096500100030000020007009680000030096003042000008700000
000008500007000010900467000475000002000000000600000731000346005030000800009500000
000008500504320900000005804065000090002060300010000760103700000006082103007400000
000008502090230080000010000900000813000000000326000009000050000070092040601800000
000008600000000805070020019000004050600103004080900000210070060507000000004300000
000008609600010000005090107008000032000537000340000500703080200000070008109400000
000008679000620100300000000000400723000000000254007000000000005007089000495100000
000008705080965003000000200600091000090000030000730006005000000800247010409500000
000008760000030080650009040000200095500090003340005000090300017070040000065800000
000009000000503017370000000029000053001060400740000680000000034510806000000300000
000009000040105003308000019792040000000000000000020457960000701800304090000700000
000009000045000007000640080000100706607804503103006000030092000700000120000400000
000009000306048000045000803800090020700000008020010004607000390000580702000900000
000009000750300001063001900070010000400000007000030010006900470200004068000600000
000009001068000000000075400900000050405302908020000004006540000000000870300800000
000009003000600480820700061100000230250060019043000006510007098092006000600500000
000009007009840000305000000038700001007204300600001790000000205000017400700400000
000009007200380100630040900841000000000000000000000283005020064006074001400100000
000009014100008000050000600060005082900403006840600090001000060000800009780500000
000009020000007006001302480004600130600000004028003700065201900900800000040900000
000009020051300008090520000000000685570000013186000000000048030700001950010900000
000009073800307109000002080500001900000060000002900008010700000309508007250400000
000009080000060320000500910020300008500000004800007090062008000059040000030200000
000009086600300000000600702904060010000415000070030604705006000000007003160800000
000009106920300008000080050403000000000974000000000602030090000700003091105700000
000009145002000000000040600096007000020050060000300410001060000000000500537800000
000009210010000008352000000930140500260090034005023096000000821800000060026500000
000009234080000060002400059000938400000000000008726000490002600070000020625800000
000009256003000008000040300000030094040196020950070000005010000700000600832400000
000009265000020008000150097900200000002705800000003006310082000700030000869500000
000009280007008046000000010008005002450827091100400800030000000780900300042600000
000009304035702000090400000000000208000173000609000000000001060000206870801900000
000009305010000070400800200000500820005020100091006000008002001040000050706400000
000009400007100005405800600800000006903040108200000009006008904100007300008400000
000009406006200001042000090500603000000080000000104009010000630900008500704300000
000009603800000950607000000006107080000362000010908700000000407063000005201400000
000009623045000000036100000000071930000030000078960000000003410000000780751800000
000009670020007015460100000000000902070010060904000000000002031190300040032800000
000009750000001000050738190090000005400653009100000030042815070000300000018400000
000009803380000000000038560009086002008000700500370600014720000000000047807400000
000010000000065849000400002401007000830000014000500208700002000542130000000050000
000010000047209008000080920010000007800906002900000050064070000700601240000030000
000010002009600000605200071950004006008000100400700083590003207000006300300090000
000010004060200085800000070000940600008020900009051000020000001510003020400090000
000010005030000000200750003360009070107000904050200061400036007000000040600090000
000010008002400097000002006003000054000903000680000100700500000930008200400060000
000010008620007040590000000180003000002958600000100083000000034050200091200080000
000010020008005400200000090025001000041672530000500160070000004003900600080040000
000010020428000000007500680340008000000040000000700015032009100000000896080070000
000010036005400021700200000401090008090000070300080509000003002180002300630050000
000010080103640750000005000900300008600000007300009004000700000069083402080060000
000010086000400950800062000940000001005000300200000078000630009029001000430080000
000010354060003000500409001685000200000000000003000489900307005000600070278050000
000013050364000100000000006200400760076080390059006002600000000002000541010820000
000013200000000005092805006005000060020309070080000900200907580400000000003620000
000014200650900000008070000090530000820000097000098040000020100000009026001840000
000016000000900867000004001090000500207103906004000030900200000126008000000350000
000016002068300504300050000010000003640000095500000020000080009209005760700920000
000018023000400006000050098150000000260080054000000032920060000700005000480320000
000019003952400000000000007010000570700020006038000010500000000000004325800360000
000020000007000010002680795080070900060104070004050030358042100070000500000060000
000020000062000780000310209009000070400603005050000100104032000038000940000050000
000020000064070000300001408000000271002010500149000000406300002000040160000090000
000020000100006500000007190200410608060090030503078009024900000005700003000060000
000020000300000215000008300006005103180070092509200800004800000825000004000060000
000020003000300004007690120090800000830209057000006080012037900400002000700080000
000020008007304260020089000000000107060000050305000000000670010016405700900030000
000020009498501000050080000520000060900000001040000093000070080000806325300090000
000020010000008079600500080300802701040050090208701003080004005410300000060080000
000020050760003010900000006002190005000050000100032800300000001080900043040070000
000020050800010300000400062105000000020904070000000506560002000008060009040070000
000020300021040065600008090506000000000805000000000403040500001310090640008010000
000020403170000000009705006000300000084000290000002000900401300000000069605070000
000020508350948000009000000000410075000060000570032000000000800000784063801050000
000020950000001000742009600400000100130000092006000007003400586000300000058090000
000023005000000900030006274000000740500080003047000000678500090003000000200160000
000023087600000500010700000009000004050872030800000700000005090002000006530960000
000024600020039008060000024107000000008903500000000403950000040300590060006470000
000025043200400076000000800000000065008659700540000000001000000650004007970830000
000026003005000607000001940030000200709010806008000090084100000502000400300650000
000026300000000074309004800060000003090401050500000020007600409950000000004810000
000026713800500040200000000084010000600070004000060820000000005020007009567980000
000028509000136000600000000290000100800000003001000097000000004000985000305470000
000029300208000400095600000510000008000301000900000074000007640006000503004510000
000030000000009106078000950080006001037010540500700060025000490309400000000020000
000030000000207809000800103100003048000060000960400007702008000409301000000050000
000030000040500980720100006000000120870000063039000000500004012083001050000070000
000030000050000839000700010970100026030675090610009073080001000329000060000060000
000030000204500060000010243129000000000000000000000827653090000040006501000050000
000030009090000006007800230009100068008090500670002900016005800700000090500070000
000030064306014700000700000004000502000908000207000100000007000001840307730090000
000030096004109502000500000000000608002756900607000000000003000401205700730080000
000030096900006200032500000590008400040000050001200079000009120005300007710020000
000030120010004900000006073000109650000000000041305000190600000002800010073040000
000030190000005000192000005000007048078000630420100000200000983000700000081090000
000030217000009300013500000900000005105060802200000003000003480009400000824010000
000030241020600700000000000050061008230040069100890020000000000005006090497020000
000030600038000040000009750004903020000000000070401900089600000050000230002050000
000030659000576302000000000000400120400000003079001000000000000308752000567040000
000030802000500001000040750030400085040070010590002030016090000900001000203080000
000030809000400070000900510468000005007080900900000281095001000030007000201060000
000030840001402050900000000000600034700305008310009000000000002080201300093050000
000030942970540000000009000000003800702010603006200000000300000000026075524090000
000032160003400080006000000600005700810000052005200001000000800080007500027910000
000032400061700002030000008000004010006503700050900000700000090800007320009380000
000032460000604000000000012020009300009000600008100050230000000000201000041860000
000035001907008000104000000020060008079000360500070090000000503000500209200910000
000036090000001207020000001604900000050010060000003709300000080801400000070360000
000036700005209006200000000026000008809000502100000670000000007900102300003740000
000037000500000000007000932806003205050609080403800706169000300000000001000410000
000038091900060000000000423010600002005000800700003050192000000000040009430950000
000038106030000000000700350006140900000975000003062400021007000000000070704310000
000040000000000032207001450600009041000306000590400006042100705160000000000080000
000040000075108400000000006020000870010805090038000040200000000007906580000030000
000040000903805000061370000712000009009000400600000725000098370000706208000010000
000040001305000000002087400000100090026000140010003000004250800000000709500060000
000040002803200000029701400761500000000000000000004871008406930000008706300070000
000040007000200960051000008506007090000804000030600102800000350027003000300090000
000040009059600000023000050800500000097000360000003005080000690000002580200010000
000040020000003000076208400000001305009070200102800000008309760000500000020060000
000040030600100050003000801706083000000060000000450709308000500040005002050070000
000040036000003004005000900006002007907080301400600500004000800200700000590030000
000040050600283000009100006106000000908000604000000308200009500000462003070010000
000040050700000820002500030000056271000000000126370000040009600083000009060080000
000040065000003001936000000000070010680010047040090000000000572400200000790060000
000040090200700010040009008007006500002908600009400800900300080060001007030090000
000040100482700000003000007100008204000904000704200005500000400000002936006080000
000040273800010050000200001000000630000154000079000000400001000050060008167030000
000040360000000100836200000290700500000000000007005026000006954004000000078020000
000040800009802100070000003000013620200000004087250000700000050005601700003070000
000041000370050490000000750000072040005184600020360000069000000041090026000410000
000042000900000807005900000006009304200836009803400600000005100709000002000190000
000042036005100000000800007047060001800000003600080940200004000000001400490650000
000045003002307900400000200120000070006000300070000052009000008008709500200130000
000045007607800405000200000300000510160000042028000006000002000206009701800310000
000045200200300005001020040103000600800000003004000807020090700600004002009750000
000046008000000060080000237060900041000501000310004070649000080050000000200430000
000046713000000000000238509070000801000000000403000020104865000000000000952310000
000046910000100020400000083029010000000834000000050870940000008080001000036470000
000048000001000408008102060000020080890000052030070000040207900509000800000390000
000050000008724500050080049783000000000000000000000368190040050005839400000070000
000050000009401530400008000170000000290503078000000016000800009054302600000040000
000050000030086057007100090005700080480000036060008900070009400820470060000030000
000050002470029005000600470000000801030000040907000000083005000700390026200010000
000050009069000400000009802905703004000010000700508603807900000001000530400080000
000050009914003005370000000000006900008030700001400000000000087700800351800020000
000050013041900000000061200170000504000000000508000037006790000000003650320010000
000050018000600000982007000057000042000000000810000570000500396000009000340010000
000050030000700810008931570010200000090506080000007090087345100053009000060070000
000050062320006000090700800012007000000060000000300580005009010000400053930080000
000050100000009483001024000010000008098000640300000010000980500289600000007010000
000050100060100800000034900800000530040000010023000004008540000007001020005070000
000050283200000000607003000020300809000000000403009050000600508000000002395070000
000050300537000900000008005000005049040293010790600000100800000003000427009040000
000050302030000000742000005020035080000904000090870060200000956000000010803060000
000050360000731090050000000000900002304000507200003000000000050010698000086020000
000050627600203000090000040004020050000305000050090800040000070000108004312070000
000050800000000070930400600000008760070346050096200000004001032050000000001060000
000050840801096000000780005130000070006000500080000092500048000000670309098030000
000051269160000000050800010800000070000183000090000002080006090000000025516420000
000052370063700000000080500000003706002000100806400000007020000000007830051930000
000052600026930000000004090600000908400000005903000004070200000000019280001340000
000054070037000000060002501090000004000647000800000030201400050000000290050230000
000054700280300060050001030000008000036090240000400000040200090020003054001540000
000057001004003090006940050652300000000000000000009362040095100060200700200430000
000057409000000000000001078060040035405030901830020040780300000000000000901580000
000057900080009000020040050900004008001000600200100007030080010000300040005970000
000059020270000090610002008020003000900000007000400060400200053080000019090630000
000059204000000050530700000008000390300010005012000600000005068080000000109360000
000060000060008700209005000057000041010050080980000250000400103001700020000080000
000060000064010009273800000640005000005090800000100056000002983900070240000080000
000060000960010028042000010004006097700000003830900500080000270270040036000090000
000060002700004010024900070000005086400812005580600000030006940090300007200090000
000060020030017098402950000920700000000000000000001047000096703370580060050070000
000060093080007400003000068000023000190405037000170000870000600001800070460090000
000060250000409380000070009097600502000000000503007460800050000045206000062030000
000060398000938000000000005200003800100846009004500007400000000000359000819020000
000060753900010000000002010000007800206000907003600000040500000000070006687090000
000060790000008000002490001000059106908000207506280000800024500000800000067010000
000061005605040320009500040742000000000000000000000217020008500034020106500130000
000061040006009087073000600000000230080000010017000000002000960760500400090820000
000062000406000720090000008007800006200040003500001400600000040073000501000730000
000063201002000000050004090709200000001609400000007908030900050000000800204150000
000063400009500000000048009580000670020000040041000038600830000000004700008290000
000064002000013670000000009625400003100000006300006298700000000063240000400670000
000064210814230000000007000090002703300000001507300090000700000000083147076420000
000065049035007060000008000048000000600000005000000170000200000070800320980610000
000065080049000016300000900000008701000257000407600000004000009730000540090520000
000067400086050000170003000000600900047000610001002000000100084000090270005470000
000069000000000029008301040001053000059000160000190300090806400520000000000570000
000069230620030000000700000268000001370000052900000376000001000000040025037520000
000070000000006005000500486800000072200138009530000001973002000600400000000090000
000070000009300050415900063200000000067090520000000001670001295090007100000030000
000070000013000407800000035000900084020641050940003000160000002507000360000050000
000070002000900405020000060052040609006153200401020350040000080208004000900030000
000070020000000038026003075304600500000000000005009806930100450540000000010020000
000070050500008130004105007180000500000406000006000098200503900043800005060010000
000070400200010370300800000100009600600000003007200004000004001051020008006050000
000070450806000000000009103490100700000503000005002019207900000000000601068010000
000070500079508300000302078300000002015000680700000009850106000004705860007030000
000070504754086000600500000000000841007000600849000000000004002000850976902030000
000070509043008000800000030900600820000020000038004006010000003000700260702050000
000070923000800000002090060620000040000746000070000035010060700000001000456020000
000072004920100000500800320693000000000000000000000486079005008000001093800260000
000073650200400000050008002800020005002000900700030006900600040000005007035780000
000074150605000000004000960000810020700000001080037000097000500000000204043180000
000074206004012000000000080001080007502060803900030600090000000000720100703640000
000074285000000000000006790460080001000709000700010038035800000000000000184950000
000075000053020100000400056500000820090050060062000007920006000007040680000180000
000075000500001300920000000046500007700060002300004960000000096004600001000950000
000075801000000050208010400000000089700103005620000000002050307060000000405620000
000076050000050310400008007049000001700030005100000740600800004071040000030610000
000078000006001870090600540007000000030715020000000700041007030089100200000960000
000078640000000000000406528904000300000000000008000701435607000000000000062390000
000078900000000085000009207803900540009000700064001809507800000480000000006130000
000079203370120000000000001009300500830000029007005800600000000000061048701580000
000080000003000070420006500506193700000000000009572106002300045090000800000060000
000080000027300000000001950300000706590000032702000008064200000000009460000010000
000080000030100006876009000010000070008205900050000080000600742700001030000040000
000080000050400001100006205004900007000648000600007500306800002800003070000050000
000080000278009000091200000020305007100000009600907080000002640000400372000050000
000080000365070000008009261030000500506000903002000080691500300000090612000010000
000080000600000028043200100000007005005326700200400000006009870370000004000030000
000080001309200000005010030006390000090000010000072500020050300000009704400030000
000080006600400070028697000000000314080000020513000000000159640050004002100020000
000080010002605094300041500068300000000000000000007120003150009750406200090070000
000080040300107000600000097200009075050000060780500001460000003000605009070090000
000080043047001069300009000008000004000312000900000600000100006890700530750090000
000080047000300000000015032003500400006030100008007500950240000000001000460050000
000080050500002600000006030074600900081000760006009480010200000005700004020090000
000080170400070000700000092030940206500000009902058040270000001000090004084020000
000080230000000074460500001000075010507060309030890000200003048310000000076040000
000080290350900000000040006003004009090603020500200100400090000000005064038060000
000080301001320000000004080006800700104000906009003800090400000000037600503090000
000080600700004000000000325002300807090805030308001200834000000000700003001090000
000080600839020000000007050700300000604090203000008006010800000000050971003070000
000080607000030050060005081800001000300859006000400009520900060040010000903070000
000080700000715900760300001130000000005000200000000047500007082009651000006020000
000081064150003070000000003000002006904000308600900000400000000090100047510790000
000081090000060052000700410098000000003906500000000720087002000910040000020630000
000083625000090007060007390279000000000000000000000256012700040700050000453210000
000085004592000300000003010300000500004050600006000002040900000009000436700160000
000085900000000415000300200400090760500000008036070002003006000654000000007130000
000086024706000000000000659009300008040000030600001400374000000000000807290670000
000086049600000000009200560500148006000000000800632004078001200000000001140570000
000089001500000007009006805610005000000000000000200093807400200900000008100930000
000090000000073600509060170050400006068000750400006080076080502004620000000040000
000090000003800460080000200040002870905080106078100020002000050054001600000040000
000090000109870000830020400620000010300000007040000032007030095000069703000080000
000090000203008000000462170000000089730050041690000000079384000000700304000020000
000090000802000003006100050000057060008020300020610000050008900400000705000070000
000090003030674000050000070900200001600709005300001004070000010000467050400010000
000090003603800020000016904936000010000020000040000398309760000010009506700080000
000090006900000250010200908000300009084000730600005000107004090093000001400050000
000090040002800560060100820501000000000207000000000605086004050019008400070030000
000090050009700208680100000310000800000050000006000039000004086907008500050010000
000090051040000030850204000700006000025000710000700004000301097080000040910050000
000090062900300070000002050014020000060508040000070690090800000070001004380040000
000090100906000050300507900500006000040000080000900004004208001010000703002010000
000090370003701500490000000900050000004182900000060008000000016009306700065070000
000090700070000006196800000080051000002070600000230090000005183800000020004080000
000090840090341200000000001000000108560020037107000000900000000001682050042050000
000090852070005600000000003008050924000609000912040300600000000004100030327080000
000091034030400900000000082610500009000030000900006015760000000001007050540910000
000091750527040000000000000000000319350070028182000000000000000000050234045980000
000092400080130000004000600820000006007903800400000095008000900000028040002740000
000092504000000000540016300970000400000809000001000079008960047000000000107430000
000093004900000060020167900740000010000872000030000029006725090090000001500940000
000093150000000000000145627003000070507000806040000300394256000000000000056730000
000094000520010800430500002700000020000359000040000009300005064007040018000130000
000094020000000008000002490040080210150030046023060080035600000800000000060920000
000094100800000000090300205501000000700010002000000409103009070000000003002540000
000094500006100030030000801310002400008000600004800073901000050040001200002980000
000094706970000010000001004010700038000000000350002090800900000090000065706140000
000095000190000000040007920900500007058060230200003009075900060000000083000280000
000095204034000105020000000008051009000709000700420500000000080901000450402510000
000095400900300520001600030000000090680020053010000000070002900058007002006580000
000095408900000000006020010079000001800000006400000720050080900000000007607340000
000096480180000000000820090003007940070000060091400200040078000000000079027950000
000097050000000001857401200795000004000000000100000862009508123300000000010240000
000098260300000000000650080060000540900205008054000090040086000000000007025970000
000100000000060090034009201029000700040010050003000680108200540070040000000003000
000100000000060917003790006006000072070000050390000600900056200485020000000001000
000100000000867015186000000620370000070000040000052036000000928850231000000009000
000100000009000086000597000075800400200000008001005620000941000840000700000003000
000100000400000506203045000300050298000000000957020001000860403801000002000007000
000100000800020006320000508004300000030917040000002900607000029400050007000003000
000100000849200000130080007006800010900615003010004200500040098000008534000001000
000100002040600300570020000000000054405090106160000000000040035004003020900008000
000100004100004069003057000975000000010000030000000581000420600280700005700001000
000100007000056309700400006007000080095060730040000600400003002102690000900007000
000100020030027600208500000614002000000000000000600715000005804006210070050009000
000100079000000000000607281096004100830000027004200690315408000000000000960003000
000100406500000800000065701090080000400000009000030010904350000007000002802004000
000100603930800000000000240850009000001708900000200074073000000000003027209006000
000100702000005106700080040600000030007608200020000001070060005803700000509004000
000103005801000002030960000000006850000304000027800000000039070600000901200407000
000103040590000006003020800860230000000000000000061059005090400900000083070602000
000104000081070390000000010030400007200090001500006080050000000074080560000305000
000104800000900210300000000030002100860000074001400020000000007084007000009503000
000105000000030650800000240000021009080000060700640000027000003068050000000407000
000105908058060730000008060000000190100000002036000000040300000082090340903406000
000106000000000965060200470472000500000070000009000736046003050387000000000701000
000107004008040000000508019001005700030000020004200100520701000000090200900602000
000108000080000006005400837238000010400000005050000783124006908800000060000804000
000108074020000000400970030004500000063000420000002500030017005000000010670209000
000120008000008000050000047008700405010000030907004200740000090000800000300095000
000124000502000700036700000050000006009638500600000020000001680008000401000582000
000129700050000000010054600038090200400000006007040810004610020000000090001972000
000129703500708090000000000020900008093000560100002070000000000060207001908613000
000130000000006070090007028740000000016070230000000014230700090080600000000019000
000130000700000000009004803403276000600000004000543609504900700000000001000025000
000130006009040000020000950000300008307050602500002000094000010000020800800097000
000130080530084000002000000740000000029805670000000012000000200000290041080057000
000140000000000960359000070000008096083060250690300000070000129014000000000051000
000142000950000001006900020000000250500070009061000000070008900800000034000713000
000143506000600000000008270150300400300000007006004053032800000000009000605231000
000160094004000003000023001030000006007605400600000050800390000400000800920016000
000164000005000030070000002004500200150000047006003800300000010080000500000928000
000175490050000000000689075092000000100000007000000580780914000000000010031268000
000179600200060030040000005039750000000000000000086340900000060080040007006598000
000190500401000020003560010046008001000000000800300940030025100080000705009081000
000190603060300005100008009300000400040080090008000006600700004900003020703029000
000192000019580002000000050090000705380000016607000080060000000400067590000839000
000200000000009586800070120008000005002743900700000300089020003253100000000005000
000200000000010078065030000004000035780604029150000400000080750930070000000001000
000200000000500630090040807000400176200000005571009000603080040089003000000004000
000200000030000080807940060300050008790408052500010006080026509010000030000004000
000200000130900400090000007200091004060030050300420009800000060005009038000003000
000200001000570030240010890100000320030000070024000006052090083070082000900004000
000200003000000250430800006904700000020030060000005701500003092083000000600007000
000200006000500007060039104040000200030010080009000040306850090500003000700002000
000200007000090004400173209800000600010000040009000005504716008200080000300009000
000200007056040000030605002823000004001000300500000289400302090000090820900008000
000200009300007080087000061802000000000413000000000907950000840010500002400008000
000200048000008300000350620045700000700000005000002190051076000006800000470005000
000200050200100900070000140706904000000000000000708605059000030003007001080002000
000200080000401900070000002009003170001080500028900400200000050005108000040002000
000200300030840000020000109000010054000507000560090000108000070000064090003008000
000200509200019000950060200000000354000000000714000000007080023000950001108006000
000200840200000007010007500020083004000725000600190080009400060100000003057001000
000203060032000001000500002029000000007805600000000790600001000400000980090308000
000203100080000450000000090090120005007504900400097020040000000072000010006305000
000203900000004083093500100700000000080602030000000006006001720570400000001305000
000204900840005700000700100360000000002000500000000073009002000005800049008501000
000205030019000000200040600600007000495000726000900008007010003000000170060504000
000205134000000008000008509005000041002591700670000900507300000800000000149806000
000209430008000500050600002040700000800010003000004080400007090002000700075106000
000230009000000800000068710109000208700050003304000605073890000001000000500023000
000240300000001000724000058000300425000000000957002000140000839000500000006034000
000240700000065104804000006000000067000903000920000000400000301305870000007031000
000248076007000009050706000000000014004070800890000000000503090500000600680419000
000250003260497000000006490008000024000060000910000800079600000000725049500049000
000267310060000000000000084001020400608953107003040500410000000000000040092174000
000280003092000001080005000003004210000050000054900700000600080600000130400091000
000280300400001207900000046010000000006759400000000030890000004705100002002098000
000280400000700605900000710030000041000020000260000030025000004701005000003012000
000280507000003000620007000060000008370060021900000070000700083000900000704021000
000286000000003240008000037000007004049000820600400000210000700095700000000892000
000290001810000000009050706076009204000080000901400650204060300000000069100073000
000297000000000950000060083060012400009040700004380060410070000093000000000154000
000300000000000086300196042010020098000609000790040010850962001130000000000001000
000300000000005060705090280208030001000487000400010308013040502050800000000001000
000300000000005070109040008086900700900080006005002810800020401020700000000003000
000300000000005403000001607010000706350080049607000080806400000403200000000006000
000300000000020403024000007260003000070492080000800072100000940709050000000008000
000300000509000710300058400000001060230000087010800000001780002043000508000006000
000300000700060008000000562006908000059406180000702900137000000900020004000007000
000300000740000500000071600600029350900050002057430009009560000008000026000002000
000300004037600000000009081020000000005293700000000050390500000000007260400001000
000300010905680000104000000003010060006408900020070300000000702000063108050002000
000300048000074009029000000800006431000000000132900006000000170900830000640005000
000300060500000000000605192792000005008000600300000219821907000000000001070008000
000300071004000005000175000060010704300000009409060080000684000600000300250001000
000300090200000038300024500007000600000715000002000800005840001140000003070006000
000300280000100903000049060800000001009070500700000004010980000507004000084003000
000300417700000000000502006020040079090000080510090030200401000000000001981003000