000000000000001258083502160560700000009000700000008016048109630376800000000000000
000000000000001926270980040006007054300000009920600800040053091569800000000000000
000000000000010860148700003010260300064030590003075010500007649076020000000000000
000000000000019500050082940070000408020060050801000020082490010003650000000000000
000000000000025706024006001510908600000060000006301074400600290809570000000000000
000000000000041500024709081000068007002105800700430000570803420009510000000000000
000000000000079620200005019700190300090050080001062005320900006047810000000000000
000000000000080170570002004906400005050020010400008306800600043032050000000000000
000000000000090012590140708000089001001305600300460000602018074470050000000000000
000000000000090275002800690030008900500402001007600080098004500654080000000000000
000000000000104605103580900480000000730090062000000057008039106901607000000000000
000000000000200713100036295700000400020090050004000001965310004437005000000000000
000000000000370040501000390700008020050403080080900006076000205040069000000000000
000000000000400081800107425082700000003291800000008250418309002920004000000000000
000000000000403095409050036007600001008070300200008400760030504390205000000000000
000000000000480075000050846902000400300805001001000309529010000130069000000000000
000000000000508070048930001503600007080304050600005208700013640030409000000000000
000000000000604019960800035490700050070040020010003097650009048840306000000000000
000000000000850019850006700090400301400020007208007090007100063640035000000000000
000000000000900024209640100803500010007000500040006307002034609670009000000000000
000000000001007006942500001320006010004050600060900042200001738600800100000000000
000000000002040650386500020000830406100000003603092000030008947079050800000000000
000000000002100590890006402000210040501804203020063000609400081083001700000000000
000000000003090105701054003004006020200547001050100600900210804402070300000000000
000000000004008135800010904060007080009060400030100050306020008927400600000000000
000000000004037905001020640000600702800392006102004000017060200906540300000000000
000000000004170008030409261050008023000060000410900080396807010500012900000000000
000000000004602300670413002500100006780000024200008005300894017007206400000000000
000000000007010089820039410600205304000000000503801006096350048730080900000000000
000000000007409280246800009000700810800000004021005000900008657085207900000000000
000000000008005730004200185000072000091050670000490000479008200023700400000000000
000000000008205006004900035100403708080000010407806003750009400900708300000000000
000000000008500160032080000900800014001409200380005006000010940017002300000000000
000000000008790006170005803039007002750000060400600730207800045800042600000000000
000000000009360540050090007900006803003000200401900006100050070076043100000000000
000000000020390750000005082904080007001209300200060905370400000016057030000000000
000000000030000042004602901008001067100208003490700200901407600360000080000000000
000000000030010964098054000004200000021060380000009400000340890546090020000000000
000000000030050100007100062001420508200891006609073200460009300005040020000000000
000000000030760094000030702200400013740090065390005007604050000570089040000000000
000000000032001000506200090090006800800735006004100070010003705000900360000000000
000000000034057006805900300900300040000010000020004007002008905500730680000000000
000000000038500007056234010100007800000080000005300006010829430900005680000000000
000000000040000309500006047750041900009705100001260073930500008608000090000000000
000000000040063190005020763032008000000010000000600240923080400057940010000000000
000000000040097150000104709065018000020000010000940260802709000017680030000000000
000000000040900310090765000500200100800103009004006005000612050028009040000000000
000000000050460370004120050070600200620000035008002060090013400067045020000000000
000000000052784900840090000260001500004000800005800046000010093001623450000000000
000000000060090180800700009075001620004607800086200570400005008028040050000000000
000000000060450007805070049010030004050908020700060080580090106400026030000000000
000000000070000934002090100040065097900080001680740050006020400839000060000000000
000000000070006941800200056003050400000921000007060200260009003981600020000000000
000000000076030140000014890007400209015627480204003700061970000058060970000000000
000000000080600057000357042000006401160030078307100000530789000670005090000000000
000000000082370540400002000006010008058203610700050400000600004071034280000000000
000000000092348170017060003006003009000604000100200300300010790041976830000000000
000000000100004069376000000003590000001428300000037900000000548540100006000000000
000000000100800290039050160003209600600504002001603700025060940076008001000000000
000000000100900076945002000060800109090070050408001060000300281230005007000000000
000000000150700290020059700200090801000107000401080007007940050082001034000000000
000000000200001097405007806050190000090308060000054030703800604860400002000000000
000000000207060008480000790504306020013020580090701004048000061900040802000000000
000000000210039040350800000800200100400050002005003008000002089030140027000000000
000000000230001600006089503600510980000000000028067005703690800005800076000000000
000000000260045080000200073400507018100090002780601005320008000010360024000000000
000000000293000051000500396024100600800705002009004710517009000380000569000000000
000000000320000051100058320900600100000030000007002008014960007260000094000000000
000000000390520000001000236910002560500090002082300094738000600000086053000000000
000000000409603007003170590010050208020000060906040050041039800500402603000000000
000000000473000001020109000090804005740010096500206040000908030200000457000000000
000000000490230005007080294260000000080923070000000032346010800800062013000000000
000000000490371260730200100050000903300000007609000050004002019018954076000000000
000000000500300002024180700005060420400507001098010500007025910200003004000000000
000000000507000040042950180003460029000070000470029600028014570060000802000000000
000000000590600000600059013060008400004906700003200060370860009000001024000000000
000000000600000304185040026000028709003000600206130000460050293302000008000000000
000000000600490005090203074012304090000000000080105320130908060200037008000000000
000000000600513090085700300000001920430000081091400000003005860040928005000000000
000000000600970030204068000840007960000000000023800041000740103050039008000000000
000000000601070304039800501000100800060354020004008000508001430903080205000000000
000000000700286000020401300090000401040020050301000080006805070000614005000000000
000000000760580000018030006004100002650000093200008600900070460000046057000000000
000000000800304906050600001500100300047000650002006004900008010608201005000000000
000000000810003027304079000209007003040000050500900204000380602420600038000000000
000000000830040005460530012050200000008109500000003080510064097700010064000000000
000000000846009000023618400000000620600843005075000000001982560000100982000000000
000000000890000062004900500030702006940060087600804010005001600320000078000000000
000000000900083200016720805409072060000000000060130408103048520008210007000000000
000000000907140056000500018810009007003000800600800024790001000380024901000000000
000000000925300000300084100790001800000000000008200075009830004000007916000000000
000000001000062304102700000020008003074903160300600020000005907509470000200000000
000000001030079420487600000000030700300000004009050000000007942048320050200000000
000000001067500090892100000039071000000000000000630840000008367070002980900000000
000000001730104290000009504000000450004235700062000000403700000059306087600000000
000000002000006030060807001531600407270000063604005129400302090020400000700000000
000000002000020940620800071800742000001000200000315007270004085098060000500000000
000000002002004530600520000003000056016030940940000800000042005071300400400000000
000000002002300010600002780070295600000040000005618020047800003050009800100000000
000000002603000040004601307090062000500000009000980050407109200010000403800000000
000000002700062310002350096307010000006205800000080103470023900095170004200000000
000000003000208407729000050580400000000807000000001024040000539805709000200000000
000000003008700002300081460930800500501060908006005031075190004100006300400000000
000000003687439000340100000064090000700000006000050730000006091000713854800000000
000000003950000000003084060060042700010867020007590040030270400000000071400000000
000000004000206508800900160000068037000090000750120000038005001907802000100000000
000000004002805030500037020620000000007201600000000089010580007030409100700000000
000000004003280090100730200058100602000000000902008410009027006070095800200000000
000000004010300700839700012500200000020859070000001005360008541004003090100000000
000000004205006810400003000090007206000010000307900080000300002078600903600000000
000000004802004000400013850500000010003409200080000005035840009000100702600000000
000000004907080013060740500000004108000809000306100000008072050650090307200000000
000000005000075200050630078000400302260000017403001000310096050006580000900000000
000000005000079801002104900000001409080020050709600000005407100604310000900000000
000000005000702410000010802005001307370000089609300200508090000094203000100000000
000000005080900140007200900900004050260895013050100009006002800043006090100000000
000000005090023870000610400009000018085000240640000300002046000064190080100000000
000000005617000009000008720000506800470000053002309000093200000200000631700000000
000000005800703004620040010000300020901020607070005000010050049700401006500000000
000000005903000200000009031000260017302010804670085000210600000009000103400000000
000000005903800671700060200500100400000902000008005003002090006649003507800000000
000000006005070000030000812500260100070815020001047008324000070000050200800000000
000000006010286000940100320030900200700000004004008030062003087000617040400000000
000000006050060010006172009009057400010000060002610300500426900060030050700000000
000000006179600000500307900002070049740000085910080700001709004000005237800000000
000000007000164200000070450108092000090000040000830105062010000001389000500000000
000000007050009400000035060006000078417060935830000600060480000008300020500000000
000000007080004350609500400000000640060020090013000000005009104071300020400000000
000000007090150640800000021941200000000090000000008954280000005059082070600000000
000000007200006300050017020400002030010040050030100004070980010009700006800000000
000000007340090025009120000000001090410907086060200000000032500650070012800000000
000000007410200500372000600000010003001936200200050000006000982009003051100000000
000000008000007250908005010090004800003581700001900040050200106046300000100000000
000000008000009061000584700010237600020000070009158020006342000350800000200000000
000000008000076100076009000009600085057000940240001300000900450003480000900000000
000000008000090520028057000700940300800762004005081007000810970031070000600000000
000000008000980450089304200000530080700000006030017000006208570072065000400000000
000000008002001640000206107000700063048000720970002000609507000024100800700000000
000000008029300710000002490203400000010090080000001302097500000042008130600000000
000000008650000740084720050060107500000000000007308060010043870048000095500000000
000000008700308602080460710000900480000040000093006000037084050209605003800000000
000000009000004801160300700080090010201706903070080060008001096507600000600000000
000000009000017280000293140530089600000000000006530098061324000029870000700000000
000000009050080270000001500004500300001326900002004600006100000029070040400000000
000000009050730000208090450870000000005020100000000064064070205000056030500000000
000000009070000350069003820000050280054207930032080000023600140048000090100000000
000000009930807400085000370000014580000000000049270000073000290004703056600000000
000000010000325087004080905000000006305604208800000000402050600650941000090000000
000000010000530072700900800006470000201000407000092600007001005350046000060000000
000000010045002000000740900000093200430000091002860000006057000000900530020000000
000000010090401706000789050700000300006205100005000002030172000901608020060000000
000000010397001000000078560809100000010000020000005106071840000000500472020000000
000000010600010843000036072260000080800104009090000064910340000327050001080000000
000000010800490600060007203604500000058030120000008906506900030003082009080000000
000000012056020830000000700300009200098405170007100003001000000083050920520000000
000000014900007200008450000000070640300000002054030000000045700007900001890000000
000000015347000200000006380060790000003000500000081040096100000004000158810000000
000000017000002005000650290009700040002805700080004600096017000200400000340000000
000000018063000000289700000000035000970108036000960000000004681000000490610000000
000000020003019570000500400090600800405138902008004050009007000084350700050000000
000000020007400005945003000090500004030904010800002030000300649500006800060000000
000000020078509000000000568085031000900708005000490680834000000000103940090000000
000000020600500080908067350200300000070080060000005004024150607060009005090000000
000000020609200000050034006007050060465080172010060900300510040000006307080000000
000000024006002300540087000800039000003718500000240001000870065001900200630000000
000000025060730000000028706020300001430000067600001080302810000000097050870000000
000000027007309000580020000400002003605030408800600005000070056000906300350000000
000000028460100590000004000020809007006513200900402060000200000093006052250000000
000000029603040100091000000000026730000010000085970000000000690009080207470000000
000000030000005600040076801002009004067080210400200300108630090004100000090000000
000000030000039170004700002009402001020000060700803500400006900072940000080000000
000000030000803104680004700710400050020060010060001082006500041504102000090000000
000000030008560000604030285080000007903070502200000040579040806000051700020000000
000000030500000864300900200040100000708020406000005070009004003231000008060000000
000000030967300050802500600000091003700000001600840000004007306080005417070000000
000000031000180700000209400408000010010954070090000602003408000001093000680000000
000000034000060800030479560340508100000000000005907028023694080007030000490000000
000000034892300500000700000580000400003209700001000096000001000007006359360000000
000000037008004091750600000010020000903040105000010070000005086620300400580000000
000000037020470600000059004003700060170000083080005700600920000004087020850000000
000000037642050010930000500000083000160040053000120000003000072070030148280000000
000000038014500060003600000600420000021030940000095006000002400030001890950000000
000000040000060520006035098069210800000583000008049130690850200041090000080000000
000000040000900000400087120640000700800305002003000098059720004000004000010000000
000000040000980006200004950900370000160090075000058003012800009700016000080000000
000000040004092830020800000000020706290608013601050000000005080049760100050000000
000000040076100000834065010000800100520090038003007000040980371000006950090000000
000000040201740600080010009002890003010000050700065400100020090006059107020000000
000000040900004301002763000203650008000000000600082503000235800309800006020000000
000000046009070000000001738608300050400080002010006803182700000000040500750000000
000000048079800600000603950000200003050307090900004000032708000006001430590000000
000000048208000003390085200005800000080526070000001400002940061100000504840000000
000000050000040690020700804500400003046030920900002006807003040065070000010000000
000000050000090280003500001850071030002040800010320075700006100031080000040000000
000000050000450038012000006060008003007000600200600090100000740740039000090000000
000000050100208400095000700200004360001060200056300001002000570004907002010000000
000000050105604300000310002000007605060458010704100000300041000006803507080000000
000000050204000901360001000006070090038206710070010800000900087601000302080000000
000000050260500900980070000350106000000080000000705064000090043001003078070000000
000000050400706100000500642793000000200803005000000239168005000002608001030000000
000000050760009030000026008900080300320000087008090002800340000030900026050000000
000000056002000300058003902006010009010904070200070100401500290007000400560000000
000000058700810400005096000000000980020753060043000000000970800008061002970000000
000000060000800057000064002407100009002907100900005304200350000580002000090000000
000000060002049500008002400021900670640020019079001820006800700004290100010000000
000000060020030000500004700450800007039205480200001035001300008000080050040000000
000000060056000012081640000000026000702501608000490000000063250670000940030000000
000000060830069504264000000000075096600000002490680000000000327702930048080000000
000000062000370400004602070800000300009243100003000004090507200006098000510000000
000000063000020080000013207002009006700581009400200800607350000010040000380000000
000000068700060940004093020020700400000000000009006070030210500051080006280000000
000000069087962300630050000006049000070000090000120600000010023003695180810000000
000000070000002409009470263203146005000000000100598306358024900601700000070000000
000000070000018200204006089045070001006000800100050430610300704008140000070000000
000000070309010004840300200052130040070000010030097620004003052500020907090000000
000000070360954000520006000078400302000000000204003780000300045000249038090000000
000000070370046005090050600135860000000000000000031589003020050700580013080000000
000000070900041006003806901000009800010705040005100000608307100300690008090000000
000000071750000806004006003300017000020604030000350008800200600401000092530000000
000000072950046010000500000027800000080395020000007180000009000070180095830000000
000000074100507003070900060400000080025801640080000005030005090900403006260000000
000000076000000000460108350000004007310976085900500000045307018000000000820000000
000000076708000000000026804970002010080307050030500049503480000000000403640000000
000000076720600000093018000000000360000927000075000000000870610000003092180000000
000000078200000405036007000009040000008596100000010700000900520105000007620000000
000000080003000002428509103700005001005040600100300008304108976800000300090000000
000000082000823097030090500060900708000265000903008060002070050810352000370000000
000000083043108900000037600002400001030090020700002400008350000001709540950000000
000000090000209743074800006500003001007000500100700004700004320265307000080000000
000000090004000501000107830540020000800000002000080015072605000901000300050000000
000000090200008400564970002080004100006000200002100030800049673005200004090000000
000000090200009504000320070125900000030070010000004236060017000407200003080000000
000000090400016807000007500067850040300040005090063780001600000902180006080000000
000000100000007802510008093700620008080705020900083005140300069605800000003000000
000000100706000004040023700027960000800000006000081270004830010600000409005000000
000000104004006020020090600030602000100070008000103050003010080090500400607000000
000000108024000970000500403000480000700963002000012000309004000041000730805000000
000000120009080704200001000000009008532000691600100000000300007706020300054000000
000000140094350000000100059086000000003679400000000630720004000000087320038000000
000000150000078004000940000064093780780060035032580460000024000400350000056000000
000000160010080509000106008000070892100000006798020000600203000204060030039000000
000000160100200500095001300903800000700090001000002406009500710001006003072000000
000000190800020007005904000100000260750000019062000005000208600300050001078000000
000000200000024083720005004590082036300090001860350029900500012230610000005000000
000000200002100000000708691800009714040000050271500006463802000000006400007000000
000000200070009016204010090000700100300821004008003000050070801180600050003000000
000000200100509003530040009005291600000000000006785900900050072200407001004000000
000000203004031096500200000050000100700695004003000080000002007920340800306000000
000000204360080000007016050000690001000278000700031000070320100000040095809000000
000000205098321400040000300000100900060892040002007000009000010001463720604000000
000000206400320001502800000010005000030209040000400010000008502800072003609000000
000000208460800070200300100170004000032070490000200081008002003010008029605000000
000000230800073900000009001000907408000040000302605000400200000007360005093000000
000000260000090000006102047900308074060000020750904001290806700000050000035000000
000000260014600000600000105070500000059206470000004030508000004000003680042000000
000000300000009057308567000040000012009216400160000080000754901490800000001000000
000000300000194760074563000000600090082901470090002000000416980039825000001000000
000000300000674082208500700000002003806301209300900000007006904630457000004000000
000000300060003180108200070050080002082070460900030010020004803013900040005000000
000000300097300000300006015000038071030090050160740000280100006000003820004000000
000000302000040060500027010060005100804309607009400050020780001030090000701000000
000000307000800620000472019001000050300904002020000700830547000012008000504000000
000000320000425000004009100050002003021000640400500090008300400000961000067000000
000000341003010070200000000070082060006040200080130050000000007090020100435000000
000000357027009000000040092604020000000183000000060209540090000000200140276000000
000000400000007005046905037030209060008050900010308040450801370600400000007000000
000000400000009071207400006601800000009214700000005809500006107920100000008000000
000000400000129000050000023003040079400705002270030800810000060000463000009000000
000000400001500030000030700400015890016090350053860004009020000080007200007000000
000000400030901200040078900180000000064000510000000024005280070003407090008000000
000000400067205000840007009105600000004000100000009304200400038000508940009000000
000000400754030000008600050900750600500060009006024003060005700000080126009000000
000000402800043090000005000400000208530000069102000003000200000070360001901000000
000000407000000100000182050740500008001379500300008079030295000002000000805000000
000000407000500060004902810000059002060000090100380000072604300080005000401000000
000000407007140600400000000009002070104973508050400900000000009001059800302000000
000000407063490000000001000800300071140050093390007005000200000000078520608000000
000000489000000710010057200500042000002503800000690002005210030091000000483000000
000000500009013000030500809043000096080030050950000480608004070000620300004000000
000000500051020003000590027020000608000408000807000090270061000400030870006000000
000000500080500600000013029920000000100908007000000018690240000003005040004000000
000000500190000020005800764000068070000135000030720000812003900070000016004000000
000000500780091006000780001009017602100000007807430100400079000900160024002000000
000000500809040007570003040037900002400020003900004150010500034700030605006000000
000000503000002971700590000000001600049020150006800000000035008931400000408000000
000000504408960000000000010860500702027683140301007080080000000000098401906000000
000000506067150890000036000020097180000000000096840020000320000052069370409000000
000000508270100090006400000081003009000010000700600810000009300090001056608000000
000000509904000002600709100100400200008392700002005008009807005200000407803000000
000000520001070006820003001080057000007108200000260030100700048400020600068000000
000000524600700000020083000802000015090000040530000206000640030000005001716000000
000000530930060000007900006600390007503702908700086002300009200000020083042000000
000000540006300002702004106600008005070090060900600007201400703500003600037000000
000000570504093000000050009100004080000572000060800007900080000000410602017000000
000000591004000302020008060300820000008090600000017009060200050201000400985000000
000000600000804090500296100400000000962000314000000005004675002080109000007000000
000000600160000058000305017000007081750803024810900000490501000630000095008000000
000000600728000000063500700080100490040609050051003080005008360000000875002000000
000000601010458009002019070500000000004592100000000002070360200200987060903000000
000000604000040109400015020009301002007000800600804900060920001902050000704000000
000000605000406092000030010020004078600208009140300050070060000250103000901000000
000000609607800000004006025040061052000000000260530040490200300000009504806000000
000000658000620470000400002000034090097000820010890000200006000061045000935000000
000000700080052060900003001070900500010725080008001040200500003050230090006000000
000000700098600000000025081609800050700090004040007309980250000000006420006000000
000000700100090084000001095504370000093050460000042508930600000670010009001000000
000000705000001032450000010170480000000369000000012059010000087930500000508000000
000000715000830002000407000821000050000040000090000638000504000900061000143000000
000000740000070002000124905002005309030000070901600400403259000700040000058000000
000000769590100004040008000000050006001000900800030000000600070200005081483000000
000000790908700100000009002012680400709040806004092510100200000007005901086000000
000000800000000035408905002302560071000209000160047209500602307970000000006000000
000000800000040060260109400503206007400090006600408503006302094040050000002000000
000000800000098002002700091010800200040070050007009010930002400400130000008000000
000000800041000007070908640680050900000000000009080016097602050100000370003000000
000000800130000060000940370000600403000204000905001000061085000080000034002000000
000000804035900000060100703500740068007030900840091002309007010000009480704000000
000000806200700000046050300000005140300010002018600000001020530000004001907000000
000000845093000000200008300000807106000010000609204000006500008000000410348000000
000000850007450016400000072800063000000204000000510009340000008580049600079000000
000000890040570000006004200009300701700050002405007900001400500000061020027000000
000000900000064701030700200300406108090080020408201005002003040806940000003000000
000000900015907000840000030090350008001000600400028090020000073000503120004000000
000000900040060080000104260000600540020040010039007000013208000080050070005000000
000000900701040008840906050000200005004803200500001000050109036400030702007000000
000000900723000100060480070650100000000678000000003097080094060002000548006000000
000000960000000057000268403090800005630195084100007090509784000480000000067000000
000000960000060080800500700400100008058704120200008005009007006060010000081000000
000001000030700209100000570097020040001874900020050760073000006204007030000400000
000001000058200000724600800500080710040000080067040003009005278070008130000700000
000001000260004000948050001030500800007040200004003010500020647000800025000400000
000001008740000010000290600013650000000000000000048260006015000030000042800300000
000001038040020000000000007005017840020904010018260300200000000000050020360400000
000001040053020900490005000006000052100000006920000300000700089002010630080400000
000001060800000500760540000030700005104309607200004010000085094002000001010900000
000001070000936800520000090800060700052040930004090008030000012005617000080300000
000001080002040107300000000000007601090000030805900000000000003701080200020600000
000001490500000076000030050008065004950403067300970500030010000120000009087600000
000001570000006029500090600400000938000050000723000006006040002280100000071900000
000001604000070008210040075090500400000000000008002090470080063900030000806200000
000001805408000007050790400006400000509000701000009200001075080700000102205600000
000001940000300005004000007150062004600109008900430026400000500500008000081600000
000002000000680700040107096034008000065040970000500430520706080008095000000800000
000002000001304702000000940030040100012907360007030090078000000209401800000700000
000002000004160000200050830902700104050000080407001903048020005000015300000300000
000002000007609001009000530006800790000204000091005200084000300600508100000100000
000002000102003086060400007005800030010090040040001500900004060850300104000600000
000002000305700000000600152004300509800040003503009200487005000000007806000900000
000002001937000000000007930100080007085020190600030004014600000000000648200500000
000002004020504670005010000000029008001000300800730000000090700052806090400200000
000002030000009700003708009007000490690000028028000100300806200005300000010900000
000002040007050060080706001400000008025010430300000006800603070060070900050200000
000002056602030000040600900504920060000060000080075109008003090000090401790800000
000002060000300721600010008000035400040020080001780000300040002968003000020500000
000002090000050100054390002001005900060030040008400500900063280007020000010900000
000002091081500300000000802000009103007010400108300000704000000003001760560800000
000002400030890000014000060400000007001040500700000002040000670000087090005100000
000002400070094030300100000200047506000000000103960007000003008020580090001400000
000002403324005900000007080080000500600000004002000030070800000003700869805600000
000002430300901006200073901000000560600000009072000000704150002100406005053200000
000002500200640008070009010000000170008476200054000000020300060500084007003200000
000002506603580100100000070000001090009070800030900000090000001001094708207300000
000002507004800060000090081080000700000538000006000020170040000050007800409600000
000002700080000092004007105049710000000020000000093410206100800910000060005300000
000002803000000090030907610004096008058324760600850400085209070060000000703400000
000002850000007006509000200000050092000739000690080000005000304200300000017900000
000002860600000000000063209009000003013908650700000100305190000000000007078400000
000002940000564200000000056008620009300408002200075800590000000007189000084200000
000003000000060025040500316000005490120000063064700000589007030270050000000300000
000003000000100430073580006500700000010435020000008004200014370056007000000300000
000003000000510403900082071020001030500070004080900050340190006205068000000300000
000003000003047052602000040260370000500000001000059027080000206350790400000400000
000003000040157300007800001000000103210436078305000000700005200003671050000300000
000003000180200004002581006030000005405000203200000010800427500900005087000600000
000003004020900510034000020006070000090000050000080200050000870019004030300700000
000003005021000630000050207030005109090010040107400050603040000014000860900600000
000003007001490020740008001092000000300000002000000680800900046020034800100200000
000003007030495000652100000003016080005000100080530400000001564000649070400300000
000003009000006784054200030500030000060000040000010005090004620132500000400700000
000003012002090000000510470000000083083050740150000000021048000000020900890600000
000003014001700900500096020067020000000401000000060290080530001009004600740600000
000003024300040009000290500000000836800000001694000000002016000400050007150300000
000003027204650000013007000006000081000401000120000600000500830000076402460300000
000003057010000000000210090400007030200489006070300002050064000000000080960700000
000003057350600000000027300000065104082070560105480000003750000000006071870100000
000003060620008500000000009100300057405000203830002001900000000004500072080100000
000003074010060005372000000009006008000905000500100400000000716400090030120300000
000003200020040580040001370030006008002000700100500020014300050097060010008400000
000003400200057000340800050050300090400090008080001040090006035000730006008500000
000003500900100026010000309060008003005090400400500060607000090530009007004200000
000003600050917000014080970000700400075040230008009000093070520000394060007200000
000003650004201300900000001200800010050000090070005002800000006009107200027600000
000003705000590040000006902001400030090000050030001800407300000050024000208600000
000003800030704600000020031210000400300080009004000015470050000005308040008900000
000003840006580007980004000000607180000050000065408000000100028600042700017800000
000003870380007020020004000806030000090000030000080509000300090030200067045100000
000003900430016007802000000050060700084000630007040020000000401500720093008100000
000004000002190000800003260400000800070601040008000007051800003000025600000400000
000004000009270000000068412800000090063000840090000001278450000000082600000300000
000004000306901700057030000040006800600010003003400010000020670009603201000500000
000004000402890050059007200043670000000401000000028470007900840030782509000100000
000004001000850200008000076380090047000000000540060032260000100009012000800400000
000004003048507002000000070600300004037040650500001007060000000900402710800900000
000004005000500030150002074300010900840060013009030008670800041030001000400700000
000004006000008950050092003306000000010000030000000804500360040093800000200700000
000004008000620400001500062510400003000000000200006015690008300005069000300200000
000004009009500700000080152027049006000000000800320970478030000006005200100400000
000004020000200006042678000094160080050000060060089530000951840500007000080300000
000004025080000004001900300706201040000000000090408603009003500100000060470600000
000004030000020065040310000002000009380060051600000200000057090150030000060400000
000004060030096000000000482802000396000000000963000704521000000000420070070500000
000004081016080090700010000040000005900708003300000020000030007020060130690400000
000004130400039000010500020003002050000070000040900300080006070000290006051800000
000004300000020080630000051000300920016249870027006000790000042060030000002400000
000004508605030070000009000500081000040000050000350001000800000070010903103200000
000004685000000000800020371300002500005317200007500003173050004000000000469200000
000004701063000008000000940000096007002405300900380000094000000800000270206500000
000005000002810600000037001590020807018000340703050012600570000001043200000100000
000005000003840070004700010065000030042000590010000240080006700050012400000400000
000005000004600075700030020409300060020060050030008709070010008160009500000500000
000005000005210006000006524800002300070000080001700005392100000500074100000500000
000005000520370000047100902070000006900703001200000070805009710000016025000500000
000005000600900010008010003800002070076154890090700001200030700030001008000500000
000005004000008201680004900000000105020040030408000000005400079209300000700600000
000005008060270400410000000020000009005708300300000070000000014009027060700300000
000005019000400007504000003000680290006020100072051000300000501400009000680500000
000005027000820560050060040007010000800000003000050400060040030084076000520100000
000005030001090006000408002005900860100000007093002100500209000800040600070500000
000005037070080009300000000200003094003060200650900001000000006900030080510700000
000005060300070008010008350009720140000000000061083200072800030900010002040300000
000005070080009002200310000094100300020000050001007420000053004400700030010400000
000005073450000000020406105007850009000000000800024500004907050000000098610500000
000005090019040700007200140300000200000080000001000006076009500002070910040800000
000005600009000034000200800700306080500729006030104007005003000280000900007800000
000005638000008510003000000028700000060501070000006320000000200076900000245800000
000005700076810500021000980010900600000781000007004010042000370005038120003500000
000005780874200005000000009300062800000040000009850006100000000200003468083700000
000006000000000402090350071170600380000010000064008019280061030301000000000200000
000006000000040805000050914040003001068000370300700040839020000502030000000900000
000006000000100075801900000016000023070030050530000710000003407950008000000400000
000006000007003004304200001830000290900070005042000068400008902500600800000500000
000006000031800000060309420002004003300060007400900600053602070000008250000500000
000006000850071340900000005300000800004385900008000001600000003013750028000400000
000006000950000300002080040091050400045020960007010520030060200006000015000100000
000006001039007200000902050410500860008000400056004039040705000005300670300200000
000006008000000519002300600005840000100000007000057300004008700716000000200900000
000006008060300900905400060540600700000000000001002093010005307006004080300900000
000006023009400700000250000100000574007000100854000006000081000008007300960500000
000006030000003284000200160007000028000875000530000600096007000854900000020400000
000006040003020700002000081700052010400608007060740009320000100007010300010300000
000006100376800009000000003000070085005302900490060000200000000800009572007600000
000006285500004600000000030000800040001695300080001000010000000006400001458700000
000006400308009000000100027920007000700010009000200035490008000000900802001600000
000006403305001790009300050000630207000000000501024000050008900093400105102500000
000006430420000000001800002000004028009501600140200000600005200000000017018900000
000006508540087600007900300000004080900000004070800000004003100006740039302100000
000006710900000000012350090080001300027000940001900080090064850000000004064500000
000006712198400000000000000809004050006805200050200804000000000000009643943700000
000006800080000234057080000001048020000502000020170500000050190769000050005300000
000007000072000016600020803420050600000000000006010082907040001810000260000900000
000007003002900158806300900009100000020000040000004300003005806264009700100600000
000007005000000070059018600300080940005201700047090002004870290030000000900100000
000007005000002809758004000200000700007635400004000006000800561906700000800400000
000007005062090400090601300000004102080000030201300000009105040004030260300200000
000007006204000000000030472603700005010000060400008307125040000000000508900500000
000007059050602100704000300873200000000000000000009613005000908007905040490800000
000007093060010000870940050100000080004020500030000006080062075000050060950800000
000007200000301860000895001051000708007050400903000510600578000075209000002600000
000007205430105600000020000064000007200010004100000360000070000007203096301600000
000007430000230079000008001309000057000040000870000102200600000960073000058100000
000007500000050082000864307070006008040080030900300070102673000790010000005900000
000007500240000007009401200084019000000000000000640810008203900300000056006900000
000007630230000000090003100010900800000030000006008050008400070000000015062100000
000007840003406001004850007000001002806000509400500000200038100600205900058100000
000008000400200760682010000000130007054000890200049000000020179047001003000300000
000008003003140000468300000006001002051070840800600300000006974000019600600500000
000008004000000067650003900000001650010040090039200000003500046180000000900300000
000008004000040705400300200205400900031209540008003102004002003803090000500600000
000008004000630089000092300300006207070010050105700003009240000860075000400800000
000008004009050016030000000003802040106934705040507300000000050690070100200100000
000008005000000780705009206000007020502010408030800000803900501056000000200100000
000008007007040521000000000002530490060000010043091200000000000519020300600800000
000008009070630005080004120400000210900000003013000004096400050800056040700100000
000008009095700400037190080004580000000903000000042100080027610006009740700400000
000008009268000000003260001006002010400070006050100200600017500000000193500300000
000008020006010003900307406000000679200000008397000000501406002400050800070900000
000008030000160042300000600000010907450000063906050000003000009170049000040200000
000008040230010000105000002320980001070000060500072034600000803000060017010200000
000008050170000600065000400450009006700050009900200071003000790001000035090500000
000008050306009100209000604618050400000060000002080561704000206005400309060200000
000008070004000000000073845010300700603000502009007010328610000000000300060900000
000008070230006008008000102340067080000000000080910064802000700400500016010700000
000008090410706508060001000000000067700903005620000000000600080902807046080300000
000008093002007050390000000000046008009000400100750000000000086050300100260800000
000008170000000003538700000015900004047000360800006750000009637100000000086200000
000008200010005670006200005005190087000000000460082100600007300087400020002800000
000008400080600970400592000600030840300000009019060007000921006038006090002300000
000008401089000005000600000008010057070000030420070800000004000200000390605900000
000008439009340700000091008700000804000000000208000003600850000004076500157400000
000008460000000008000007150072801600048050920003204810081600000300000000024500000
000008500000060900507400006001700004020106070700004200400009108002010000009300000
000008502230000000050601930000005480000184000064300000093206050000000061601800000
000009000000000026000200791900076850080000040047310002826005000170000000000800000
000009000003080094007630005020046500000107000009850070900078300130060400000400000
000009000005300009007204136031000007600090005500000620968502400700008500000900000
000009000036100000450020000095203710007000200081704390000030075000001420000600000
000009000060000080308002010604025003005000100900610405090500704080000030000900000
000009000200080070030107009407390200001050300003024607300408050090010002000900000
000009000300006915400700083256000030000000000080000742540007009678100004000600000
000009000400300195008000300000001032009783600170500000004000800735002006000900000
000009003006073009000000170040081000320706041000450090081000000900160500200900000
000009003100006085030020100000017050207305906010690000009050060850200007300900000
000009007400830009200000000009003051006050800370400600000000005900017006700600000
000009008209000000013704000000040106090000050801030000000607480000000907100300000
000009008509060070078020000700000000310000047000000009000050260030090805400800000
000009027080370094092800000000495000400000005000683000000004580920038070840700000
000009034000400800000156700000080607020963050605040000006518000009004000140600000
000009040000000502802340070000603850000070000075908000030064105704000000090800000
000009040000210800200005017100040203000000000905070008490600001003027000080500000
000009040009470005000000803503200000002691500000003406308000000200064900070900000
000009040043000000090100706000920300730050089009013000308001020000000590070800000
000009048000030021004008300060350009000000000100092080006700500270080000930200000
000009050009000006003040890406800000007030500000001604015090200700000400080600000
000009060000800410590040008400520600000000000002016003300070026076005000050300000
000009080005300027000020090900000000234070615000000009050030000410006300070200000
000009300000570290500010000005000004036254970400000600000080006048062000009100000
000009400006058070000003506079084003060000050500790840103200000090830600008900000
000009401009003050400050390010000700930070046007000030084060009070300500105200000
000009460000040001008360000000000307601704908509000000000016800900080000012400000
000009500060200000100603009007000180640070093021000700200506008000008030008900000
000009530000000064940200100830090000000050000000020049002004071480000000075800000
000009570760500000000701902030040709004000300105090060801906000000002081056100000
000009586300850900000000400100000034000378000830000005004000000003025008521900000
000009600600000250000002840030005000201030907000700010082500000076000004009300000
000009700020700490047002015000070500100000002009050000750100230031008070002600000
000009800201000000040020067004098500013647920009530700190060080000000604002900000
000009831306100007000000004000420000003516400000037000200000000400003108835200000
000010000005703600000000547070001250050060080026400030987000000001905400000030000
000010000009004007076200030740600301000000000601002048050003120300400700000050000
000010000084005300520400900640039000000000000000180053007001084003200670000090000
000010000100670039000200086042000000007020500000000910650002000230059007000030000
000010000803400006400607180600000004048000760700000003076305008900006307000040000
000010003000300147700002090420000000008000600000000059060700008942008000300050000
000010005000000074005476810020008090008257100050100020089624300430000000500030000
000010007600200010000587300085630070002000600060042150006321000040008006300060000
000010024047002800000007060004600350500000008071003400020700000008100230750080000
000010030002900005000803900000000013093501240710000000004305000200007400060020000
000010036001000470800000020000075280005948700087130000040000002018000900970060000
000010040150694000049000000007500009800000002400007300000000830000481096060050000
000010090024007006000020730000700040860492075090001000035060000600500820040070000
000010400600500020083040000001029500200000003006830100000050370050007008004080000
000010800040250000000006009008300140290105037061004900500600000000092050006030000
000010900490070001035006000063100000000657000000009580000700810300060024008020000
000012058700000200005040000200006809018020670906100002000030100002000004340580000
000012700000730000000000593082000004040070020500000360938000000000029000007680000
000014000009000007680002500236000000090000010000000865007100054500000600000520000
000015709000000800300400502080520300000090000004083020203007001007000000805160000
000015900010002000024700000000000780009408600056000000000009350000200070002150000
000016007020009360030000005009100570000000000087003900800000030015600040200780000
000016730000000010860700200500030900016000380007060002004007051050000000073580000
000019000703640000140005600000000047807050209510000000001500068000086702000230000
000020000000000731040617002001002800290000054007400200600749010915000000000080000
000020000000000796000601024360500000020080040000006071970802000286000000000050000
000020000403700000802100040600000000901635807000000003080003209000009506000080000
000020003000064258500009400804000020001208300090000507005600002269470000400080000
000020003000609102902100050007000001061000580500000200080002704409301000200080000
000020003900000105017000090600700810090208030031006002080000350503000001100090000
000020005036800000000100690800500046000000000910008003092004000000009710600080000
000020008906400000020000147240600530000000000079005062162000080000002306800050000
000020043000407901000050008060004890900070006045200010600040000401603000730010000
000020080002005076510000000093200007080000020100007690000000038230800100050040000
000020300000001080406070100200000094967000831140000002004010906070400000003060000
000020300000400816000761090670010040000000000010080065050298000231006000008030000
000020310000000008428000000050280060040965030080017040000000983300000000067030000
000020400807009602100700500000000005706185204500000000008006007403500106001040000
000020450000001007006049810508000100020000080001000602065870300300100000019060000
000020900002000003316905000090008000150060092000100080000609325500000700003070000
000023010900000060125600000600000020300287001090000008000001436030000002070340000
000023080000000104000590000250600008840000017100002095000045000605000000080760000
000024000605300040020007100170000900080000070003000015007900080060008309000560000
000024805000000030004860209500000090200986001060000002605098700090000000102630000
000026008806000000240800900000070020753060481020030000008005079000000602900610000
000026540075000000009850002560080070002000100090070065400038900000000430016540000
000027308000640000000001020206000053080504060450000801060200000000089000802730000
000029306208700000000000004080900500002578100007001090700000000000007201501690000
000029600000300000300000095108700040604030901070006502210000007000002000007980000
000030000001400607580000030100000050407000901050000006020000083805006200000070000
000030004000006050050004910020603140970000063046105090035400020060300000200050000
000030004000806090608400017000000109300070002501000000430001708070302000900050000
000030004300005910060420000021000000007000500000000390000048060054600007800050000
000030009000702050000065120035000060640010092020000830054980000080206000700040000
000030009390000005600050700000006058081543290450800000002090007900000021500070000
000030040000100087580009210003005001000387000400900700017400056260001000040060000
000030040400021036000000805000200008032090460500004000307000000180760009020040000
000030069001062708060001530000004007004000300800100000095300070307510200210040000
000030078007100030590000006004083600000090000001540700400000085010004300320050000
000030080400008001938150000002500098005000600890002700000029846200600009060080000
000030200300008604500004030000000870000192000052000000040500007605700009001020000
000030209030600580004000000009001042100060008280300600000000400075002030408050000
000030400056000001040800005023009600000000000001400930700008020600000850009060000
000030460000800201053600000002000007005491800100000600000006310307004000021080000
000030600002600010050004920000709084000020000510403000031900040060008300009040000
000031009200800600000600030980000006423000185700000023050008000007002001300460000
000032000006800003000640925008000350030000040017000200861094000900007500000260000
000034060040000300800000950008205070000080000010709200035000007001000030070910000
000035800003042010005800000090004730600000001078500020000001300030450200004960000
000036008094000003000409750067000000000090000000000230035904000200000540700180000
000037008900000030030006004800003062004080700290700001700400090080000006400160000
000039010090460000020000904030010500009703100005080040908000030000091070070540000
000039200000280005200000070305001040008040500010500609070000006600017000004620000
000039420500004800000060003060000002470105036800000040200070000007900004051640000
000039716000045800093000000052080300000000000008090460000000680004370000829450000
000040000000000750000837410001060004640125083200080600019354000032000000000010000
000040000000003500900500073450001039060030050730200064170008006003700000000090000
000040000004900003307500400800007304109000702405300001003001207200009600000080000
000040000028015040650800000507308000000000000000407501000002017070530920000060000
000040000605000900004800005900400006070602090300001008200004700006000302000060000
000040003086100000000708004670000400002030500005000072100509000000004890700080000
000040007000705280200008400090000104700080005504000060001500006052309000900070000
000040009800000500000002360071008000328000416000100970015600000006000005700030000
000040069100003020000080510702000000009418200000000905054060000090800004810070000
000040200000000005090508103309200400010070060008004709802107030500000000007060000
000040502500700100024010070005308000001000700000107400050060230003004001607030000
000042073700000009630001400280000000003010900000000061006500097800000006350870000
000042600000800529000500008085020060001030800040070150900006000524001000003290000
000042951010005200000070006700004010001709400080100002300010000005400020849250000
000043905000000000000500360006400200807231604001008700039005000000000000604720000
000046057060000100300000080000008004480569023600200000090000002003000010870190000
000046120260500000000000078003200060870060013050001200390000000000005096026890000
000046580860500090050000407000000800600354009002000000508000010010005048073890000
000048200086902000470000000007000080030204060010000400000000073000306520003450000
000048509090000600008006010076000000300080007000000160060500200001000070807960000
000049070000000308080700200630075900000000000007190064008004030502000000070980000
000050000000300519040700800005001043800090001310400900003007090471002000000060000
000050000000900008035406090050000089002843500670000030060205140700004000000060000
000050004400200800003704000008300069032000410970005300000806200006003007200070000
000050006000090031000003790002900060007235400090007200059300000160020000200080000
000050007300700000009018060005000190600000003028000400040190800000005001700020000
000050018100396500000000009042001800050030090008600140800000000005968001290010000
000050040500706302630002000000003700306020904007500000000400017803201006040060000
000050048008600900000000007064900700080701060003006580400000000006007300710090000
000050080803600000610000023007315000000000000000742500950000067000006102070030000
000050104700009200831000005100006040000000000060500008900000571008700009502040000
000050389720000010000900000095800073000020000140005290000003000080000035371040000
000050400080004700000080053300000907007968300905000008140030000003600070006020000
000050700700002608832000009000490500060000020008021000500000173209700005003080000
000050780000401030000023106507000000190000025000000807802140000040902000019070000
000050780000406001079000040083100000000030000000007690060000120700205000028090000
000052300540100007000000502800600400090000030006007005207000000600001089004260000
000052301070600050000040620450000203000000000306000017039070000080001030105290000
000053067000000450060000093200004000003125700000300006430000020027000000150980000
000054000000100090040820706300000801002000300804000009607092040080001000000540000
000054820000270300002000004250000080014598260090000015100000700007029000089710000
000054870000000016800070490000008209000060000609700000036020007780000000042180000
000057009107040080090000000008010005530000027200090400000000010020080504400970000
000057930003080050010000780000149008000000000100732000045000020090070800026810000
000058063000709002040120070000000004096000130700000000030092080900804000580370000
000058300010600070009017005005000003370000086600000900900820100020001090006740000
000059080000000050320078600100003500093000460007900001009820045050000000070360000
000060000002000057000807100007230580250000034018045900001908000460000800000010000
000060000206000075079004002007409000403070608000306700900600540680000103000010000
000060000630740500007000090008000430040201070072000100080000300004093021000050000
000060001000300480008100063000002570080000030047900000790008200061009000400010000
000060007000340600209000000006050109300609005501020300000000204002091000600070000
000060008000000045100908003704010080009806400010040306800401007490000000500090000
000060040800004210003200079035008000000000000000100580460003900058400003090070000
000060043000000009081009200060092007002070800100350090007900350200000000540010000
000060090040107003700083400200000900039000870007000001008670009600804010090020000
000060205040700006000100008002900600010000090005001800600003000200007030703010000
000060300780002000000000074300200000501398607000006005170000000000400091008050000
000060450050084000002000306200007500087040190001800003409000800000470030038050000
000060500000000740000390006805209007270000059600107804300086000056000000009070000
000060800106000000000450021020008906010020070805700010570084000000000704002010000
000060900500070060309240000006005000080000020000700400000029705040030001008050000
000060900900305460000900070001000096809601702620000300050009000018503009004080000
000062400000000021001030507374200609900040002205006734107090200540000000002750000
000062900080003002502000001000051064005000200360280000900000107400100050001370000
000063204000810930000900000600000740200090003078000006000004000063079000807320000
000064320006298040050000000000000910002307400085000000000000060060142500043670000
000065000007000000100043802090000018201000507860000090509270003000000900000850000
000065080000000052005009100030570001008000600600021030006900400320000000010730000
000065104000000090400700002002013080005000200010240700800006001090000000106820000
000068002508200700300710000450000200070000090003000041000032008004005106800190000
000068040000005960200300000000000403061000870709000000000007008097600000010840000
000069830060003000000204907405000000070020090000000506902501000000400050013980000
000070000000003160600200073064800007100409006500002410890001004071500000000090000
000070000000030907309001280250008000006000400000300051092400803501080000000020000
000070000000230810302500000500029000087613950000780004000002307026047000000060000
000070000000584670050206004130000400820040056004000081300405060041723000000060000
000070000030908600074100008010000804500000002208000070600002510002501080000060000
000070000068030054025008930006000000003296800000000300039700610840010790000080000
000070000604000079005006824050030000007248300000010060498300500730000402000080000
000070001050010706006800030000006302600040009304700000060001200901020060200060000
000070002010230087030100500000000610000803000075000000004007020680092070200060000
000070009000400158040001300000340005460000027800067000008700030175009000300050000
000070009032800000100000580040010206050604030806020040075000008000007450300050000
000070020000005008400000793700050800005891400004030001283000007600700000040020000
000070080200005400005840030002100000030080040000007900040013600001400009080020000
000070090049003000207105004000300008038000410400006000300504901000700230050030000
000070100000000300207830509700905230003000800089307005608053902004000000002090000
000070300000500708800300090720800004900030007600002081010006002504003000006010000
000070860000009001006580009695000000008000900000000513400015600700300000083060000
000070900490200016630000002009600000300812007000007100900000084740005031001020000
000070920000960005200043006750000000061000530000000062600710008500039000027050000
000071050509000100060000000200008400004752900007900002000000030006000204080630000
000071203802090600500060000000009070080000040090400000000040006003020408104650000
000072000007308004200100000070020080081704520030080040000006008300805100000430000
000073006049100005002090000005600900010000040007004500000080700900007820800320000
000073600000200005009508200047009008390000056800700940004307800900001000006850000
000074201082051060307000000003007004000000000500200300000000409020430670904710000
000075080090000000700001209004058000605000403000360500109500006000000040070690000
000080000000703900030060148050007000087902610000800020916020050005301000000070000
000080000005006100080410709010000005400509001500000040203064070007800300000050000
000080000279300000053490700900000400580000039004000001005043960000009572000070000
000080003002006590507000068009100350000020000013005400490000207051200800700010000
000080014900000000120094503000006030006809700030500000502370096000000007890040000
000080043300040200760900500000038000001207800000650000003002057005010008490070000
000080060000053402007100009030000048006090300410000020100009600803240000040010000
000080064000451300000000120204100950000000000039005607027000000006514000340070000
000080070080000050007001402861270900000000000004039861608700500040000020050060000
000080090009400000000001058080210070001647300040098060310800000000003700050070000
000080170800700040650120000020069000000302000000840020000036019060007002049010000
000080200070060080500003710400020800000406000003010005094800001010070020007040000
000080203020040000608200000006071508800000007103520600000002405000010060405060000
000080730000072600000000528001046070080915040060230100173000000008350000045020000
000080900000500004005600718406000300000739000001000207859001400100006000004020000
000080900006700003950030041070003000003000800000200010280050037400001500005020000
000081005080004209000000070209700000600803002000009406050000000702400010800260000
000081073000054600000000054480200030019000720030009048790000000001840000350190000
000081500020000000307006100002300069060020010910005200009100704000000090001840000
000082407000000238000004010090500003100000002400007060030700000245000000709140000
000082607700600000000509410219000500000000000007000238042806000000005002508120000
000083065020004100405100030300000010200918003040000007030001804004500020150840000
000083902300100000200007010020005090900218003060300070030700001000001009507820000
000084037400000600012900000000070840000406000047090000000008160004000008680310000
000085690000130048000006005005000032000318000890000400500600000470051000036470000
000087000207000000004901260000000104040328090906000000071806400000000503000190000
000089001048035097090000650200001000000070000000500004027000010560210740800750000
000090000000007241000100076060050010000903000090080050640008000182700000000020000
000090000003006280640700010912000000007000100000000936030001094024500700000080000
000090000601840503002100008100000050020070040050000009200006400407021306000030000
000090008005100700680507001540760000000000000000084027200403085001006900400020000
000090008060430029095000000350008690000000000079300054000000210980075040100020000
000090012000065000000100803200004730890000026067900001702009000000810000910070000
000090027600000000090260140037000000000953000000000360065048090000000002940070000
000090030608240000239800040900000620007000400063000009040008751000064302090050000
000090034200508107000010080001850000003241700000079800060020000107405009850060000
000090038009000060460700501200001300000030000003500004306009052010000800890010000
000090040002006001015804600093000120000000000061000790006903870400100300030080000
000090045090500100500008030000089000002703500000620000050800009003002080720060000
000090100140060000000301602200000059070904010690000003907205000000010027006040000
000090406070800050810006000060052300300000009007310020000600012090001030103070000
000090630086504020000000000600048000004000100000930005000000000070201460051070000
000090700006705000000000012030800095900241006610009020890000000000604200001080000
000091005001000790064500000075010200000209000009080510000006320047000900600940000
000092060010000000706000023204600000000000000000001409890000607000000080050360000
000092100402510609000600005050000700000758000004000010700009000205061807001370000
000093027000000300000700581900007000018906740000800006526008000003000000140250000
000093600010000079900800000071500086000000000840009530000004008580000020004210000
000094000840260000000000450093008620600000007024300980031000000000027043000530000
000096050000078000005000871500000040013000290020000006731000900000910000050630000
000100000005006008920000004060500070003627500050004020800000065700900200000003000
000100000080050001500008923050000006916040285200000010195700008400090070000003000
000100002023000608570020000000300025005902800780004000000060047207000130600001000
000100005034000800006230700040000290000723000025000080007042600008000410400001000
000100007900630800030097001059000603000000000304000250100320090008076002700001000
000100008090030000000954600360000950800040001017000082006581000000070020700006000
000100020031470000700000060000034106090000040406850000020000008000045670060002000
000100080000004200000069143072305400000000000003901650489210000005400000010003000
000100082300000040150000700000005009200736001600200000007000038020000004960004000
000100900000209813000500060800000304490000082205000006080007000762408000001005000
000102548000050000005038020043000107000000000608000490010280300000060000486309000
000105320007040000200006500000080003080000040500060000004800002000070900093601000
000105800680000000040000570700019300000302000003570001056000090000000012008904000
000108000000030509700000040204000710980267054037000902040000006109020000000309000
000109040000000260000036008400200100025070630001005009200350000089000000070802000
000109702002630800000000050000000985035090670489000000070000000008016200203408000
000130000009002400000000360084029053300501002520840690043000000002400900000015000
000134000000080900208000003026000009800359002300000780700000805005010000000542000
000140009000700430030006070070000500651080743004000090040900050013002000800064000
000150062100000900300004008020300004407000803900008020200600009009000005530049000
000160400000005902000002360050000618100000005298000030027300000809400000001029000
000160904090000013000300870060000400079080250004000030038009000650000040901073000
000170000090000034570002001300000920000208000024000003900700052760000040000024000
000190007007600082400000900800010270000020000015080003003000006760005800100068000
000190080000000009009800413864000000002050100000000347396005800400000000050036000
000190870004000002700350000020000640009060300053000080000083005200000900078029000
000198006903006000260000001005801007000070000600903800700000028000300509500687000
000200000000049100600000028040002309032154870807900010710000003003470000000003000
000200000003704050204900806041000703000000000507000680906007501010503400000009000
000200003543000000009004160030052000006040800000160030057800300000000742600003000
000200017000003200000010408200501006004000800300902004103020000002700000480009000
000200040025060090000040605750820030800000002030059086207090000040070850080004000
000200067045090002000061000006000075009147600420000100000310000500080730960005000
000200079080040321000008400060003004300000008700800060004900000579080040810005000
000200097010070600930100000090800025000000000180005070000002013003010060820004000
000200300290000007763400008020030000008000400000040050900007836300000021006008000
000203000064000103705000000020001600000726000008900050000000308902000460000107000
000203001030409027000000000083000000270841093000000760000000000190602080600904000
000203590820000000000900001070300480305407902014002070400005000000000034032108000
000204700670000052002070100000047206000090000307860000003050600250000084006408000
000205700705000040480000100900007000000020000000100006004000013010000802002609000
000206010000008607500000009045060020008020100010040970100000005607300000050609000
000207901040000030900040067000003008090476010300500000460010003080000070705304000
000208000002040000600070015900000034030000080850000001710030009000080300000605000
000209007002840005000060002060000530900050006013000040300010000200074900700302000
000215000900800650010000007000050804000489000604020000500000090093002006000934000
000218000000000000045670201607030005004020600200050903302049710000000000000162000
000230500309580060050060090045000100100000004006000350090020010020097805008015000
000240030020960107800000020760019000008000600000850071050000003603081090080094000
000243081000600070000009003600000030073050260090000005700500000010006000860731000
000248106900000000000000857020005003003000700700100040638000000000000009109673000
000250803270008600000000000100002009040090020700500004000000000001800065806041000
000270094000000003000004618050009100002040700007600030726300000400000000190028000
000274090000300000300005100490000070850000062010000058006500007000002000020741000
000275000030900870607000000405700000020010050000008203000000608043002090000597000
000280090002000001305001000200008914400090005519300006000700509100000700090054000
000280906000079040040500200500000000670000025000000003001003070080420000907061000
000290370009300000000070008508000002070050060400000107100060000000003700063081000
000290600000007940000003008050900021401030709980001050200600000098100000004079000
000290700090000803500000029300076500000020000008350004280000007904000080003064000
000300000000002065421900003936700080000000000040009356800007492690800000000003000
000300000000050024002601503460000000030809040000000062701206900920010000000007000
000300000000095604007200080030000008658000319900000070060007100204150000000004000
000300000005800007849000050010050200600207005002030090050000978700008600000004000
000300000041800900800000056020001008907000602100200030290000001005009270000006000
000300000060045001103780000702000850090000010086000702000038904600910070000002000
000300000065000070001070629009600001003958400600007800918040500030000210000003000
000300000094000700500082000030070600780050034006010050000430002009000460000007000
000300000200007000390006040001090620008000500059080700010200063000100009000003000
000300000301050980580000004030040006000761000900020010700000029059070801000006000
000300000902840000000020036006000027005090600820000400450070000000082304000005000
000300001000508603007090408380000000000623000000000069708060100204805000600009000
000300004046210080000000709680000200000192000009000047907000000060027950800004000
000300006183000700000080002002058901600020008804970600300060000001000265500004000
000300080000000320130000040010080407000517000903060010060000092094000000080001000
000300094700040000064002300009000003005108200400000900001700860000080007280004000
000300615000004230060000409004001060000829000050400700501000040047900000698003000
000300807400020000009000600300400070605070901040009003001000700000060002904008000
000302870285070000000009000010000004064090210900000030000800000000050621052907000
000304502502000034030000000350048001006090300900630045000000050210000408809405000
000305090074900000000001302007000038500294007160000400601400000000008670080603000
000308000021004006007009405109000040400000008060000901703900100200100580000802000
000308402001574000000000080008200070100687005030001800050000000000895700709106000
000309100000005409000010038000000075070568090190000000360050000701900000009802000
000310700401200080090000004000003001034060950600900000700000090050009103003085000
000320000000050089001600000003000452040532090152000300000006200680070000000013000
000320780007009001030000500105007800000050000003200605008000050600400300029013000
000346900000001054300800001008004002070000080900700100800007009610200000005183000
000350800593008000700000030850019000016000920000530081070000003000800249009061000
000351760004600000000008050006700000210000086000006100040800000000003800082469000
000370640000500002003002000020080010400090003010040050000400800500007000039021000
000372600003000010005840020000004008080000040700600000030018500090000700002795000
000375002000064000005000087350000000007493800000000036790000600000120000500746000
000379000700006300003100006007000400350040018002000500100004800005800007000791000
000382000000000100000570032060000074409030506820000090270046000001000000000823000
000382460002500000000600075380000600490000052007000043740008000000006700028947000
000390024002801006800000000750000000068030170000000032000000003600703400930046000
000390070007020580100000009040000205075000310903000040300000001059030700020069000
000398025200060087009000000406080000000209000000010802000000500170020006350976000
000400000000000719009530800603000080750020043020000607005016300312000000000005000
000400000046000970000007006007008263030070090264300700100800000023000480000001000
000400000081095000402010000040068001070953040600140030000070908000580310000004000
000400002056000070072965000001020000040000090000080100000832960020000480600001000
000400007000000843200083050380000700005107400001000096090230004462000000800001000
000400009034000750090730200002100090000849000010007400009078040073000180500004000
000400017160050200000207800042001000900000005000700490005306000006070058480005000
000400050510608000007000000709100400600080003001004702000000900000206087040001000
000400060700065080004000700040100300500090001001008090002000800010930002090006000
000400070006510020000927104403000000000801000000000402804759000020034800070008000
000400095002901800000080100013005760200000008096800510008010000009304200530008000
000400260000001008100000040400610020030040080090087004040000002600500000017009000
000400300040000097800600000000790520700328001086045000000007006920000040001004000
000400350000685000400000089703500100000010000004002907370000002000926000042007000
000400500000029714700000062200040100000361000003090005530000009427980000009004000
000400500089500061100600040000007803000386000803900000090004007740001290001005000
000400930000030041040005000350001790600000008087200013000500020290060000036004000
000408500000000014000020006570083040046209830030740095300070000420000000008302000
000418900060390001900000040009080000052000190000050300030000004600035070005174000
000437900000600340002000005700200410000703000021009003200000100013004000006198000
000450000003007205700002080000000802007103600308000000090300008502700100000049000
000450000570023000600000900000500140700010009012007000003000006000230058000075000
000460010000008000080700064195000008002000100300000695930004070000900000060032000
000460080007000010200700900000003460708246503064900000003009007020000100070054000
000470310080051047000000002025036000000000000000290150200000000430520080058013000
000490023000000000742600050507060090000000000090080207020001479000000000980043000
000490500005803700090000000050600207100050003802009050000000040001207300006045000
000490700000200060410600930000000650000807000025000000037006092050001000009082000
000500000005002630069080000032050009078000120900070340000090870093600500000008000
000500004200009560009100038050900000003401800000005040820003100076800009300007000
000500014643000005000002900095003000038000450000900380006700000900000731570001000
000500020000290608900004075000000039008000700610000000830900006201076000050008000
000500049000007360070000000200870090760030018080015002000000030024700000890002000
000500060600004238000000009000003600530000092004100000100000000298400001060002000
000500070006010000080470610300000000095604130000000007052067040000040300060005000
000500081200008070500007200000090000003205600000030000005100007090800004670004000
000500200090000010500003804304100000700936002000004107901300006030000040005002000
000500400050090003701600000210000080900030001080000064000001809100080040003002000
000500806005083004700000000000002190260050078097800000000000009900160500108005000
000500806070004300300900070800000000790080042000000005020005007007400060901006000
000500964000000000000084005042091700003040200005260410500730000000000000381002000
000503001701060200000000630007002009200709003900800400072000000008020904400601000
000503941910600300000009680050800006000000000200001090095400000007006054462308000
000504002030207400000061900000000704002609500108000000005920000003405080900106000
000507000541000006039000000250600004064000130100004085000000410300000268000302000
000510700009080605000047030000000308081000470703000000020360000607050900004079000
000519020009240800000000049600000700500020003007000001370000000005087400040152000
000520070008000000027009130102706090000000000030401208019300780000000900080057000
000520308324000005000400000270000050001060400030000096000005000800000179603097000
000520684070100005005089000090000150500000002026000070000470200900005040764092000
000530000000000040358001002090000208027908510503000090900300851030000000000016000
000530004001640950000000002870004200000000000004100093700000000029083700400015000
000530400000000082500004310000040098007060100280050000054700006390000000001093000
000536400000800020380200010007000004400090008100000900020001046060004000001965000
000540037400000000839000000004005780600000004083400600000000971000000008150067000
000548021800000000040920000085000006760000092900000380000034060000000008130865000
000570040504000800900008050300004190000000000048200007020600005009000601010093000
000573000090020008030900000610000970400050006025000034000005080300010090000639000
000578000000000003020034750086002035002000800910800670073260010200000000000481000
000580073050000200004603900003007000070408020000200700001804600006000010940016000
000583000049000003108000000000600008490358017300004000000000905200000480000817000
000590620000000005000408097302000000005941200000000501240107000800000000037029000
000600000002009017490001560049700000000508000000003620051800096380900400000005000
000600000100000500940075010000000069800509001320000000010240073003000002000008000
000600000400003095750004030380070041000000000510020073070800019120300004000005000
000600004028047000300800056003000090060704010040000500730008001000370840400006000
000600004040783000002004009070000010001348900090000040200400300000539080700001000
000600005005048000401000800008002096903050104540900200009000607000520900300009000
000600009000001200601005040000080900047916580009020000010800307005700000800004000
000600030034008602700000000800109246000000000621403005000000003206300150080007000
000600034000100985704050600542000006000000000600000321005010403417009000230005000
000600040000010200086200510578030000900000001000070935063007890009060000020001000
000600070007010005000230690904000100080000040003000902049051000300060200060008000
000600241000024069040000000000005030790060058030900000000000010460780000587003000
000600304600000010017200900003070040800000001070090800009005170020000008108009000
000600900000080200506007003700000080208040706030000001100200309003060000007004000
000602340000000061000301702290006450000000000058400026805904000410000000062108000
000609070000030064000000800012060408050708030803090720001000000920050000070806000
000609358086003010000000000043200000008040500000005890000000000030900280792501000
000610050060000109530004000470500000000030000000008027000900014206000070010053000
000620010010304500006009040800000150001000700025000004030400900002106080040093000
000620910500040200000801003400000700009507800007000001600208000003060002048053000
000630000000400370480010600041000000230158046000000120006040093025003000000072000
000630009003409120000000860000067400080040050004820000056000000038706200100082000
000650003100038700080000960001000050003020400070000600016000070008570002700084000
000680020000500807802040100000006900081000370006100000004070201108002000070013000
000680093600000700592000600000900006065070210300005000004000137009000005170054000
000687420000000009470000800608001000090248010000300508007000051500000000016825000
000692000009000006100005030096000800204030107003000260030400001400000600000261000
000697001300000586000050007001720090000000000040061800100030000537000009900276000
000700000005000049204500006001007005407109203900200100700001802380000600000008000
000700000173060000400093000005800019008010400390002700000120008000070962000006000
000700001000026009200000740000170090018203450090048000056000008100860000300002000
000700004600000000004213050003070008080549020500020700090487300000000005400001000
000700006026000059100000000300041060049306510070250003000000004930000680700003000
000700021003106900080000000072008000008000700000400650000000060009802400310009000
000700030603400000040006500006007200700030005009200100008100040000004701070005000
000700340000002007000008091038900054700000009420005670160300000300200000097001000
000700450004000028000002307060370000007268100000014070201900000730000200059006000
000700500084020060200000008000601940000000000027309000700000005040090310002008000
000700600000001020000200301630090015010030070580010039304005000050300000001004000
000702000000000034460009000080070005390010042500030010000100067950000000000405000
000702930306051000000030007000000614000000000691000000800060000000320708035807000
000704080000010905086059000000000642000431000849000000000190570605020000070506000
000704200720106008000000007500200060001070900090001002600000000300609054009502000
000705600005010090032000008051090000400000005000060340500000920020050700009603000
000710000420000090006000003504031200010070080003250401900000700030000046000026000
000715300000260010008090000020000560603000901089000030000080100030051000006347000
000728300000000002000060597963004200500000003002500946218040000300000000009216000
000730100090600400000009007080000691000000000357000020800900000002003050006018000
000730405060500308000000000000000903230010047604000000000000000401003080506042000
000745600000008100000000095100803047000000000620104003850000000007400000002657000
000746800000000050004000007100007400690428015007900002800000500020000000005692000
000750104900008000000006005020690000170000039000037020700800000000500001408069000
000754210000100008000060400050000370780000061046000020001040000900001000074536000
000760010905300000006090008360000700100000009009000041700040100000002804090051000
000780050000000073002500008000048100840671092006290000500007900960000000020064000
000790030200008905000000270040620000500000009000085060094000000102400008080031000
000800000020005790980400006004060215000000000138050900800003059073500080000004000
000800000270064000000003081100009060907010802080200004350700000000630048000001000
000800000874600000006014070000000159080090030269000000010580700000001985000006000
000800005500040090273000000000020780600703009097010000000000432010030008800006000
000800010700093200000002900030000802200904003801000050004600000003410006010005000
000800014000024307400000200200068000180050076000190003001000009304980000850001000
000800020000006300015070000000008907038794260702600000000020630006400000040009000
000800024206000190010000007000520700020701040008069000500000010039000402840007000
000800030629501000800000506001000000083040260000000400308000005000706349040005000
000800340000000008300025000002040037800902004130060800000210009600000000081004000
000800407000200060300006000430000605067030280209000014000400008090001000601005000
000800760000003800060072054035000000007090600000000580790250010001900000086007000
000800769900200000001000800000000475040598010516000000003000900000005007128007000
000801500300500000050070090200000084004237900960000003020060070000008005001709000
000802000502000069730000000005008940070060080069400500000000097620000403000703000
000802005080300200013000740030200900000080000004005080079000450001004090400706000
000804032400000005005600001100000700000162000006000003700005300300000004510203000
000804530000730802000050090006000300930000065004000200050040000403082000027903000
000805040003070065040003008005700800100000006004006900400900010930010500060508000
000806000000050090030000065004078900008000700003240100620000040010090000000604000
000806074014090002007200900500000040040080050030000009005003800100020690290105000
000807000243090000000000003650003200309020108002600034400000000000040356000702000