023400086708006400000000000004758900000000000005214700000000000001300204840009630
200800004040007800903000002000005070500604009020100000600000907002900030400008001
700000400002970800405000009980050000000010000000020048800000306007082100003000005
100006007030004600000180002005030070060000020080040900900061000008400030500700001
600400030000038009304160000000009250008010600026800000000021306100380000060004007
100000000593002008078100000000047080014060950080910000000004160200500879000000005
006035001700960000035700000501000070000304000060000108000008650000093007300170200
109042700405000010020100000000006300800000006004500000000003070080000105002960804
005000300018060000003400017060120005000000000500097020180009200000040730002000900
000800050805270400004010200000000023027000890390000000003040600002086507080007000
050930007007000012180007000009600000700000006000004300000400058890000200200085030
000320004000000500000075016650200081001000200290008035930650000008000000500092000
800004200006720000030000010000900080203070906010002000050000020000067500007300008
580000300700003051006400800607030000020000070000070206009008700360100009005000038
100600000000013605052408000000000904820000031504000000000307860208190000000006009
000000000050004067004570180000050690503080204016040000035097800160300070000000000
000580300040000005059600010067090000000040000000020140010008490300000050002057000
000000000007304006100085020003000071560708034470000600080570003700209400000000000
800600004000002073092000000000906000106408209000207000000000140560700000200009008
700230450300060000050000700065000002800000005200000810004000080000010004097048006
003810050000200060260095030008004500000000000009300400030560081080002000010038700
002001006016030008350900000007000000930060082000000100000008095600040810500100200
903400008080005003000009670000003040005708300090100000079300000500600020800002907
006010803007800000000003671070000006000908000400000020981200000000001900604080500
308400000596700800000000003003100004000020000700009500800000000001005498000001702
005300400000500010980000703801200000040070080000005104609000042020006000007004600
000000200010056408004800000006700003980000061300005800000007600509380040008000000
009000000010830006800014720003400002000000000600007800054370008300028040000000900
020090000907501000061302000750000000010823050000000068000109240000605809000080030
168000300400000000005028004290001060003206500050800039500780900000000007002000853
021560703050070000600000100500007600000382000003600008002000005000010040704035260
000020300003010604000000081708004060090102070030600805480000000305040900002050000
000025000350071208704600000000000500160000092003000000000007801602140057000530000
102060000300200000004000382000007005083000190500100000245000700000008004000030201
060800001007063900040000650000680102000000000208031000071000090003140700400007010
020000000300004010000019205050020600009000100007030020704390000010700009000000080
129000003080000026003002400000030007005401600800060000002800300390000010400000572
640003008002100000010800003100007300200030006003900005500004080000001400400200051
000203070000010290000090006040300809980000052503008040200030000051070000060809000
370140900092058000806900000000700000010080040000004000000005304000410690004093012
500000000000005104340009705000800019005102400290004000104900052907500000000000006
120038000300510000006000000700000203030269010502000004000000400000093005000740096
020007005000000000004030928008062074001070200470310500869020400000000000200700060
190000080005028100000000046000600001010249060300005000750000000001530600040000078
601045900900000000405200000009070010067301420010090800000004708000000006008650104
027008300039010508400200000000600200001070900005001000000009002302050190004100670
400572000009000300510000000020003700004107600007800040000000068002000100000269003
008000020003600080200950000000560100010020040007084000000047006060005300090000200
080610000200900000005047000009800502850000097306002400000720600000009001000056040
007460020042800000500007004860000710000000000015000089400900005000001230030082900
581603000000900030000004006005000071630000059710000800900400000070002000000506913
010000800000196000209008000007040006100702003400010500000300204000461000003000050
005489700000600000000027910008004090070050020060200800087160000000008000003975400
000000090020075601006000507100002000208451906000800005602000700704590060090000000
093700001500000000006093000005041300009000800004320600000260700000000002700005480
000000009000018654090524000003000060001395700070000900000256090629870000800000000
176040800008700004000006000000008031000607000720900000000100000400005100007090568
008006009000002070790040600000001700056000310007200000002060058080500000400100900
000084000000006009500000240008090160010863020043020800092000006700600000000530000
000000000004201300813065000032000004008534700400000680000790412007408500000000000
000000000092106400600270000010000004046020950700000060000059003007401590000000000
000583000000007090703000650900000210800000006025000007067000109080200000000165000
000071006000950047800240900008000000050682070000000300009067004570023000200590000
800019000400003200093020008009070061000000000120090700200040530004700009000380002
140850000057006400000007900090005108800000009302900040008700000001500670000024015
000100720000089001006500030001008900068000570002400100080007200100820000024006000
700000000003040108428001600000960500000108000005072000007200463504030200000000009
000000006400002081080097000020900060900040003070008050000520040240300007100000000
000800000012007609890020010260900000007000900000004078020080041103700290000002000
600804030800020005007500000003000060018050940060000700000001800900080002080405007
700180000640020000005004000470000605056040830109000074000400900000070058000051002
760900000003400090000730620002000301090000060306000800025047000010009500000006084
490000080005860400700004600050020700000508000003040010009600004007035800020000056
000000004200190080640708000060075000001030400000610050000201078010057003900000000
890600045540800000000000000005700069007040500230006100000000000000007056610005038
018750000004000003600004000452900010000000000030002497000200008900000300000018650
060000080000804107800000020010040250600080009028070010080000001507309000090000040
000004000009000002672090000300670000900423001000019004000040659200000300000700000
061000940050100800890000000100006000007294100000800007000000019008003060045000280
800000040002800970000004008905600000700549002000008609400700000037006200060000005
068034000390000000100098000036800290000000000019007540000720005000000014000480960
000002000007030005810004030001045008520000047300920600070500013100090800000200000
200130040000800300050060800960000000040508030000000017007080060004006000090043002
000300000007012090000970203300001800020050070009700004204097000090430600000008000
070005080203100460000002000010000803020000090309000050000200000068007901050600030
050000084087302100000050000002003018100907005530100900000030000005208490870000020
000000014000036000007400820000000240600050008045000000014007600000910000580000000
020005876050260090000000000000630007680000025700021000000000000030056010264700080
001006007206300000090000010038200906000000000905001370040000050000004703500800400
000004000290700000073090005502000603800501009901000507700040350000007091000300000
100450008080009107023000000040002000300814002000900040000000510407500020900061004
007850600000000010200000708005089037800326009320400800706000005090000000002018900
000009000000305720754000009043000006280060037600000940100000498092806000000900000
000800150051900002203000000000400390000702000097005000000000503500004760062009000
060000000000036040000950608780020105001080400506010083803091000050360000000000010
000001240085090000000700030076000000100506002000000460050004000000070910023900000
900400000000910057000070900705620000400000003000094605003080000580043000000001004
510030064600100000000005300000000406000762000309000000002500000000001003830020097
000000000001008409680007050006950007010070020400013500090700031704600200000000000
105002000008000002002063070000006008630080017200900000040690100500000400000400703
004703010060010700000900350703000000200070005000000402076001000008090060030507900
003100900040008007000023000006004002580010063300500400000250000600800090007009500
000086020008100600540090080002000100470000059005000700050070013009002400080410000
000000003052003400800501070060000039005609200270000060040206008008300640500000000
001000060000100082800040790905703000000020000000409103024090006360004000050000800
070408062820067000060000000000000031006020500310000000000000020000580073790603050
000100006296057000000006470003000050610000047070000300051600000000340912400008000
000008103008930006005000040000005810080070060061300000040000900300016700107800000
900020030060000000008107500100008027000792000870600004006804200000000060020070003
030000000000650002000083510540007006020000040700800025051340000600012000000000090
000806000901002040000000600000008235630050014542100000005000000010300702000609000
000090530040800000800107900030000200900000005007000010008601007000008050053070000
000000040091830200007002000100905080078010590030408001000600800003041670020000000
090070056260009700000004000000000063400080009350000000000800000005300021680010040
501400000604790800020000000300001090008070500040600003000000030003084105000006907
140380070790500000003004000600900000005000400000007002000700200000001096010068034
485023000310080020006700000000000003020105040500000000000007400040060087000340612
000000004830210000000009810003050060270000045010020700056700000000046053400000000
000503024070000380300800009000720000680000012000089000200004005031000040490208000
147090053005400008030000900000005302020000090704200000001000030300006400470050169
000086050500400009482009001608000000070000040000000203200700516800002007010630000
600700080000000500098013400780060004000402000400090061004870920007000000020006007
020048060830600500000300401200000034000000000560000008906007000002006057040820090
030020980000900000000008105200080650400000001015070003604500000000007000058010070
508003400260000003403050000005710900000000000009024500000070301300000045001400802
060305008709200000025090000900002600010000030002100009000060480000004207500703090
300080000000900135090503000900000004007361200200000003000108070789002000000030002
100000000002859000070600005005000390060020080019000400700002050000578600000000004
500200000000017900010600003600024080007000400080730005700008020003940000000002001
100000470800040006024060090000600900003502100009008000040030820300020004062000009
700800350002000000001065700013900800000020000005001290008670500000000900069004008
000030047804096200000100000900300102000020000305007004000001000002560401530040000
020314000000000000304070100000007085030648020780900000002080406000000000000256030
390060000008003094000500800060200300200080001009006070001008000540100600000070013
000700080102308500000009426000070050500000009030080000416800000003407805070002000
800000700002080900094001050600100000008497300000005002080500210001070500006000003
090010600007003020000200030600000200021080560008000004070004000080500700003060010
059000406700000000060931002500009800000040000002300007400192050000000004208000360
000800941600000005000015020000008010750090068030400000060250000900000006523001000
680070000003006000457800000046900000900020005000004630000009576000700300000010042
000000040610000000058392000300400072090020010170006009000651320000000057030000000
000073000040000620230000800800040500300805001001020006003000064098000070000950000
006000090041300020300050006000100000005467100000005000200070008050009640010000700
825103000019000000704800900000001070007309400080500000003008506000000180000605793
040506000900000000000731084124000700007040600006000248450169000000000009000804050
610203000009700000400180000000000750700304006085000000000021004000007100000806027
000000000700906020050010090100004586800601009649700002080050040020803001000000000
000040100076300800032019000050003000009000300000100050000730620008002510007080000
430050600070009150009230080000002000000167000000300000020013500094600010005020046
090000030207400006000007802509230000000000000000048201805700000600004105040000060
917003050500400000000000001000009060300186005040300000600000000000002007050600813
060001800009200007700003020043602000600000004000408630050100008900005700006900040
180070003407800000390500000071400000000020000000008930000009085000002609600080042
000000700200090031800001046710380000000000000000059012460800007570060004003000000
100004800030000050002390000004930010600000007010026300000059400020000060009100005
600000000000560280000008001001090028003105700260070500400300000078049000000000004
801000060000041700000300400000000580290080071078000000006002000002410000030000205
000000008003004107740205009270500000000000000000003041300609075905300600400000000
710500000080600000000082031600000800240000063001000009160490000000006050000005017
004008000060000048350400210170000000040712050000000072019006024430000080000900300
000000000008100409039050006060007001040060020800200030300080510402006300000000000
100000000023001000746090800004906000370050096000703100009010648000400730000000009
030520490100070300002003000000008006008705900700400000000300700006050003081047050
002006910004039008000000400400001000310502074000900002005000000800690200097800600
000650300800009002000000710079000000201537609000000230098000000500200001002014000
850030000049800000100000840008007000090346050000900600016000002000008570000050014
030200004000000001485091200043006007000000000200800430009170358800000000300005010
709840060000006090600200000001067050000000000050120400000008003080700000060052109
000000720000901006063047000081000009000408000200000850000390410400806000015000000
000064009030000408400800010300097100090000050002430006060002005507000090900580000
000000020520640000070092400001850006060010040700069200002930070000021084050000000
000491576001050300000006012000000063003000200480000000370600000005010600619538000
000015400004907000090000780860000301007020800502000047016000070000502100005170000
007060200012000000040090005700019000003702100000380009800040010000000940004070600
850026000006000000204030690009652700000040000002398500095080106000000200000760035
052004000070000000000090036200001005008040900300200001840030000000000010000900870
100003080200850000003200000004380001010000050800065200000006300000029004070500006
030420000070000002000073640005800071200000004790006500041780000900000010000031050
590600000004000000836029050725900004000000000600007213060780395000000700000004062
506380001000000060900005800140000020007409300090000046002500003060000000700043209
400007100001289000000040006030410000810000064000028010500030000000571400007800002
000060983060048500010900600090480006000000000600021090006004010004510030152030000
465001200100000000020906010006100870000070000074002900010407020000000007002500164
000008904050030701400750000000000040045070890010000000000067003103040080509300000
003407021700050043000000000040005080650000097030100050000000000980010004410209800
076000000080012000200300000904070035720000061130080702000003004000450080000000520
000050000200900850457800000502000060000109000080000403000001946023006005000080000
000001000320060400007020005800004052000608000690700003400010500006040031000900000
000002400900300008080010000009200030021503790070001200000030080600008005005400000
000008700000603020600704980000000130250000074017000000092506008040907000005400000
060000000010390006304006700400010000006829500000060008005900401600072080000000090
400051000910002070065000400000006150180000043059100000001000630040300091000710004
000000002000003940307800106015320000000000000000065290104006803083900000600000000
401900000000000005020040809060170900010020060008065070204090080600000000000006704
000000059030050804060900000057092000000734000000610390000009020901070030570000000
400850000500003040000200065209000076070000080680000401940007000030100002000096004
100000024000200960005094800076300000000020000000007140004850300063009000750000001
050300000098100000003009001200008400030000010001600002600400900000007650000003070
420000000070000001003508700800609100640103027001407006002304800300000060000000013
208090050034008001010000206020001000000854000000600010302000040100400820040010309
100000000003890050804062000005001070390000064040600500000470605030086900000000007
002600000000050040050487320000000083001020400970000000023546070060070000000008600
007403000000000120800100006000000013406030902790000000600007005089000000000804200
004507002510380000300000000600008009047000810100700003000000001000059027700206500
490008000006504800001070000608000000010020050000000403000010700003706500000300028
801420000000001803000000090710500008604000705300006019090000000506900000000035901
084000705305000020700050000040007900030401050002600040000070004060000801903000570
007380001000000000300701500050000908820010075701000060006804003000000000900056800
080002035700000200004005009006000004400359006200000500800900600001000007950700040
008100059023090000000008300050007003106000507800600020002800000000060710710005800
900630800000000009000904130291500300000000000003007521026708000500000000009053007
006071302301200007000006000030000084000902000180000020000700000500009201907520400
000070030009000006040030897508067000000509000000320605371090040200000700080040000
070800000060019280000003710092000000008000900000000620054300000081950070000008050
000800006000004359039000000603007000008509100000200703000000690517900000900001000
004603020000000001300070500750000000006080900000000053009040002800000000040102700
170400000009308000000007104250000000090070010000000098806700000000801200000009046
000003050000701002800000010009300070507060203080005400070000001200607000010400000
010008000007300800490700000074000010100604008060000240000007059006005300000900060
000090080710402050000001620300000000004507200000000006032900000080205049070060000
096007005130040000000600080003000002001862300500000700010005000000070029200300540
000000000370008005620490000010506900800040001009801070000013049500900016000000000
000046000940000060020000091009000002850020079300000600690000080010000027000570000
010080400094600000507004800001000004700208009200000700003700906000006540002040070
080010050000307002026400000904720000000000000000041705000004610400205000070090020
041900000000050001760300020078100000000020000000009360090001042200060000000008730
390001000000040010718600000870000004000712000500000091000006982020070000000100067
580000000074800000009040006020009401010020050806100020900070200000006390000000067
060900720000005009000160050400002100800000007006400008050081000600200000083009070
000318500410006003080000006058600000900000007000002650800000020500200069002467000
000098074300700060005000008421600000000010000000009615200000800010004007780930000
000000602007500000092130070000070005070402010800050000030049150000007800401000000
003290040004000280000006009029670100000000000001083960500900000018000400040061700
200006380608007000040000090900062000000809000000710006060000030000600701051200008
000926007064070900907000000650009704000000000709500036000000801003060470100745000
009300000000005000054600710980000001005807300700000052017004580000700000000003400
601000400000407000050010008092000000040805090000000350900030070000102000008000602
720540000100007000048001000000820400800000001006075000000300570000700009000069018
120003000000008410000000006009004000030156070000800300400000000058900000000700023
370002680001503000002068000243000006000000000100000542000630900000107200017200064
005600000000030015047052080016400000002000300000005120020510890850090000000008700
300050000000000704027001080700005020002030100040900006060100970905000000000020001
070092300000000005006508002800040000005207400000050006900703500200000000003610020
000001030170200586050370000906000000030000070000000409000083010815002047060700000
807620030000000008400080100300059000208070309000860001009030006700000000030092705
305400070080000000000000931900003060400080009070100005862000000000000080090002106
000506070790100005006070001670000500020000040004000019300020400800004023040309000
008000574920750006000000000000004057005020600480600000000000000500063028369000400
200003000009700030003092600100000089000040000560000001007860900020007800000100003
409070001812000000000000090098006005200000003500100270080000000000000857100050402
006000070010090000590600420001000030000473000040000600037006059000020060060000100
008703104000000000040100350000008090004239500010500000096001070000000000705306800
000500073104600000050204000000000805040153020509000000000407060000005107730002000
000005000004607500020930008080000720900216005012000090200041050001502300000300000
000002000020070109004083000005800620200010005086025400000490700102030060000200000
018030000270001506000000000700800060060725010090006007000000000306400079000050620
500000080000580007780004005040000006003971400100000030400700091300025000060000002
700000040045008100090050060600003080004000600080600007070040090001300750030000001
000704102500020300000300000030008000005109600000500040000003000004080007702401000
002080009490000025060000007000096200000304000004150000900000030210000056700010900
050008014630000000009000006000530009260000051500064000300000100000000068470200030
360700000590004080801050000009170000400000002000046900000090108040800076000003094
050264090400000000000001603002000004630040052100000700704800000000000006060593070
400701380208009000010000090000890003609000408300046000060000030000900802042508001
000090016000000809405000300008320000003709500000056100004000901802000000910040000
850600000000075008002104605010040002200801009300050040609408700400590000000002014
946850300000003900000600000692010000830000095000030162000009000004100000009085413
030000076102000000008006400004702010000030000070405600003500100000000908680000030
008500203000832050000000000060000705005209300301000060000000000070324000902007800
063000000000106000004200105086051003000000000300690240602003400000704000000000690
057180040806027000090000000000000501070802090409000000000000060000790308030064150
070950003030000000520000041008007004000289000700600900480000075000000010300078060
408051070000600008007000100900030800070000050006010009001000400200005000030190506
000007300004009002000000058750401600200030001003706045420000000900100400005600000
060000000900200000004100090340006820200080001071900035020008100000003004000000070
005000096030000000800900450000005071000167000190400000023001009000000020750000800
006908005200060100053020000798200000000000000000007296000090630005070008600804500
021600000900000010000004700060240300800000009003016080005400000080000007000003120
010070380700000004008004005900300020006050900040007008500200700100000002032010090
000007800000400300894200070659008000000305000000900756070002164003006000005800000
000090000850040000900608010200364100300000004008219003040906008000080036000070000
000000002279600304430000060300900050041050290050004008080000029103006845600000000
090600370400000002003400010206800000000040000000001203040009500800000007062008030
000002800082400009307000000700020060000137000090040001000000402100004930004800000
000000509008540070000007030907460050020908040040031902010200000050096400406000000
000000049001709082720006000000090001005060900800020000000100034470602100150000000
020004003060071000700200000007000980086090520049000300000007002000450030600800040
708900000000000706030207000600000190570080062093000005000602050309000000000005901
000000000050091430071800600000380002004000500100056000003002750027940080000000000
000009004040060050270405008700000610300000005019000003600504021020070030400800000
000005000000010080030600290406030720003102800058070301069003010080050000000200000
000570080000000300002806940026050490300000008058040720083209100009000000010087000
000005027000402003800000400180006309020000070603700084006000008700503000430800000
083000940620040000400009000000005016060907050350400000000600001000070084072000560
092100000500004090810060500000200030009516200080007000003050069050400001000003450
000000870000580400704300000012003007603000504400100230000009308005041000026000000
020940106100006000900001500000007080200010005080500000005400002000600001703029050
008300020620050000300001007003710200090000070002063800500100002000090051060007400
000360005300200000020100340009000024682000593430000800014005030000002006500043000
010002049900000800000000251500021000020507080000360005786000000003000006250400070
306900000900700500000084000000000069509623804260000000000830000005006001000009302
041700000000000100000005609014003000006874300000200740409500000005000000000008520
000004761000000000000190420500060040900705002080040007045071000000000000869500000
008054000700008620090060000103000090070030050050000704000020040082100003000890200
025014700190500004000000000040090007050603010200040030000000000500001072007380640
000090004369704008010000050000500070003209100020008000030000020800607431100030000
900076500070000080006080071002005040000304000060700200830090700020000090007630004
000000200080004007007100065001403000094000630000209500960002800700300020002000000
027000036830700500000000400000610000400839001000057000009000000002005047560000320
091850000007200045000010030000900206000040000905008000050060000210007500000082710
400000000050102009720500600000000408080354010104000000009007042200908060000000003
400000062000009150000650300000005201740010038301200000009063000023500000570000003
300000000007085000021300087005007010700040005040100900950008340000590200000000009
070000495020700000048006000000007020013020940080400000000800210000009080896000030
040020053000403100200000407000000001409218605500000000605000004004102000810050020
000000200000630890009872000601980040000000000080064501000518400023046000008000000
000058019100920070000100080600000030000617000010000002020006000080049003450830000
479006008602800001000000000006091500500080009001250800000000000900005703700400196
620000000001090004004002510009730000208000701000025900016900800700040100000000079
100003000036490000020651300000000503045010960302000000004128030000045270000700004
000380700001000609580900040009400026000000000620003800060002078802000500003054000
001000006600002900020070000590400060003080700070006045000030050006700003800000400
000000080076800009003900040108097005000000000300510807060008200400003910030000000
008000000000009024050003780400018000500402006000390002035800060180200000000000300
001432070005700602000000000200008010030000080010900007000000000903007800050816700
002800000950200000000057296100000300460705021008000004371620000000001072000009600
748000090060024000000000010000047100001030500007150000070000000000280050030000426
080000040034807600000004180008039500000000000009270400076300000003406720040000010
008900000400000028000060053800019000007502600000730009780050000610000004000003700
000530008000004057000607400500200600900080005003009002007905000690100000100078000
410050000972004000000000070000001730050847010081600000030000000000400357000080092
040803069000002003305090400000000007210000054900000000009080702800900000420301090
007052003062308050000000004725900000000000000000003572600000000080107930100530200
200943500010600000000007900068001000300000008000500730007200000000005020005436009
680200400007000008230007100509170000000000000000048906002900043300000600006002079
100093000034650000050100006000005768500000002827900000600001040000067810000340005
000705600000010000008960074020000008860000091500000020680091700000080000009304000
009080000002600500064000007070058002100962008900370050200000790007003800000020300
003002450000750000500004001050008007080426030400500080600800002000015000047200500
090000006000708050000090182037000000001070300000000520124060000060403000900000010
000007000070000500400035009000610080062070190080023000900460002005000060000700000
067000820500000006000005000000018070690702041070460000000800000400000003082000950
040068027050000000007003400060000002700402009500000030002100800000000060310870040
000096002902104000030000006090000005004000300700000060400000070000508903800940000
020050349400060008000000010000700500740506021005009000030000000900040006164020070
000800060200000073009006480000900600000371000003002000096500700820000005010009000
048500001000020000530600094000000840000090000061000000950007028000050000800006970
504000070080107002000000600006420000840000056000095800001000000300204080020000507
600903120005700800000000005004005080010060050050200600400000000001002700096801003
020009006000060190000001023350006000006702400000300061690800000038020000400600070
700000060018600200006078400000040017000010000350020000002450700007003580060000004
003840090000000030700001506972600000000000000000002978108400002060000000090065300
000000007000846300000300682000000016001905200830000000983001000002578000500000000
910002030400090106006100002300926700000000000002358004600001200207080001030200049
000000604052900300030600000000790008003401900900085000000009010007003240809000000
140603500070009000000000026009007050700108002060900400680000000000700010007205089
040000607300209500605700000000002010053000290010300000000006902004908005209000060
000020008080003000000008547840002100002010400001300026967200000000900050500040000
000000000000584200036700400094000706700030002603000510001002350002345000000000000
096000007002500000540010030100060000000709000000080006030070054000004700200000190
060040200730000006000907000004100060600000003080003900000409000900000015002050030
500200600062300400107050000200005900000070000005600003000030109001002380008001007
100000000003000040280453009534160020000000000060025413400718035070000600000000004
000086450100000002026005700060009300300000006009600010007500680400000007081370000
050410200000008000830005006603000027100000008780000609500700012000500000008061090
007004000130000600000710050006540080200000009050023700020089000009000015000600800
000205840504600000000000007020700300700159002006002050100000000000004905059806000
407200600590000070000009000700014000200503001000620007000300000080000015004002703
205000010000108056000405200120004860000000000084200071001802000940306000030000602
510409300060007000008010000200000070043000690070000001000070800000300020002801067
050800007908015000020000000800006070360904015010200003000000060000460709200007050
012940030003000000000002051000500007036010490400003000170400000000000800080026140
090000037280109000004008001600810000008000100000092008300700400000401076470000080
050008900600300004804200001000009010700000005090700000400007103300002009006400080
000201009700040000010007800200000608078000340305000007002500080000010006800306000
070800100300010082000500600050920000002060800000035070008001000620050008004006020
090800003000230640100000000010040900000385000008020050000000004071092000200003010
061000008402800000000023000004360072000070000130058900000680000000007403900000810
000002708007608021000700460005076040000000000090240100061007000740109600903800000
490058000000097400005200060001000070042000190030000800010002600009560000000830012
632900400070860000805007000006500000500080001000001600000700105000026070007008963
164072050500049000009600000007000026010000030640000900000001700000760003090230514
761000004000600850000040000000010030006403500080070000000090000028005000500000426
007042300000007094090000000009030002600705001800090700000000010760400000002380400
100002008030000000000400930007060805200090007803050600021006000000000090500700001
071000026600000500000632800000309000900050003000804000008941000006000008430000170
000000009000005064006042500060003900800070001005900030009230800780500000300000000
810000030902085400003200000000001000006708300000400000000003500008520903090000082
801600009430020000060007000340000000090832040000000058000400020000060075100005403
500090200000285190002700000600000410000000000097000006000004300038526000006030001
000400000201050070000069028800007050104030709050600002580290000070080205000005000
700192005000000020006507300050000100000219000003000070009401200080000000200756009
003010000450002100700000309000596007000000000200148000805000003007300028000080900
090040800000000005000006010500001907009207400807300001020800000100000000003090070
096810500140000000000000061000004307070906080403500000960000000000000029005049870
300000078060000003100300920600105700000040000002708009034001007700000050850000002
000900075401000060000006012007230600600090001004068200810600000040000703730005000
005800309060200480800000000000040036700102004410030000000000001051009070307001200
070600000306400005500280060094008000700000002000700590080074009400006301000001040
100900000086040000039160200000300490090814070047006000008031940000070650000009008
000000092300006501200700600708009200000674000005800309002008007407500006860000000
400020036902300000000006400000000094630000071570000000005200000000004308840090005
390100000500400001000000300200304065450060012810705004002000000100008006000001083
000081600090000750006900013400100000058020190000008005670009500045000030009560000
520486000000002050800700000051000600400000003007000490000007002030500000000963015
010040098900000006008200750830004000000080000000100073089007400500000007640050080
000650407000009100300000052008720003007000500400065200780000004003500000206037000
700031520400002090082000000004200000500103002000007600000000270040800006025370009
000902000000408010005007400900000140076000290084000003007100600020803000000204000
090300000700095630500006200000000020009267800070000000002900001048710002000002040
170000043000407690000020800000000920000632000015000000001040000059801000460000085
000004052000120300000070068000200009520000014900006000670080000008049000340600000
300008065005600000064050010003000020046327590050000400030070180000009600510800002
000090020003008900210000000070809006002040100600501040000000058005700400040030000
000800360300006750000030004609000000100509007000000408500080000071200005023007000
000009005061300200240000070090780040000000000050021030030000097008007320400600000
900002700004806029000100050300000510041000870085000006010004000490603100006500007
027040000800005200005006870000084030000109000010520000039400100006800007000050320
100002600206450000000000050008003007630070019400200800020000000000028703007900005
090062000000100000203900010046000083970000046530000790050003104000001000000750030
500080000900005002070260000050006091107000208420800060000092010200400006000010005
002073000000000300047500000060007040030801020050900010000002490008000000000610500
600200000000050040400037809060002500030000060007900080302760008010040000000009001
046000000000000394100080000080140000200368007000079060000050003325000000000000610
100300070000021000070904002018000005340010027200000190900102040000530000020009001
700030040000009001000080620500000362020000070317000009043010000800200000050060008
000000005009050460540600290402030000050401080000020903016005039034080500700000000
005070800728016000103800000800400000000090000000001002000004703000760148004050200
008930204700000000030108000004302690000000000029504800000809020000000007207063900
070013000010800900008000051207000000050276080000000602530000800006005010000430090
000000097002003008000050600009300060205678903080002700004020000300400500190000000
008009600000608030060700005192000004000000000700000152800003040030501000009200800
059000000012950070300002000080010604900060007406090010000100009090035140000000580
005090004810000000900076000500000300020080070004000006000340002000000051400060900
000480001000007000001600082030700008018020540700001020140008900000900000200043000
200000000095200008064001300000500409006000100403007000007400520500003740000000003
092000000000017020000000408067390001001080300300041790804000000070150000000000810
002095680000000000000207090097020815800000006153080920070608000000000000086910700
560900080000053009023006000200035000050000070000410006000800730600320000010009062
180000002004078006760200003010039000000000000000410030200004051400650300600000024
600000008009800007000067014020400000086020740000008030810590000900004800200000005
000009800060100000000024691106000370027000410043000506718560000000001060002900000
560120000000000007207430506050000004004000200800000090602081905100000000000096072
293580600000030008040610000715000000000000000000000917000094020600050000001076534
008100006906002000010050900000010462000000000825030000003080090000300207700004800
000000000007560900620190000035049060480030029060810350000083017008021600000000000
000020000900008301352000000840300900500010003007005018000000189703100004000040000
005037090630005800000002010700000000940070068000000001090600000008500079060710200
070600000008000009050000740060007105400209003709800060024000050500000400000001080
000006000100000350070500089092030600600905001007040590830004010069000003000300000
050002034300100000000050210000090470500000006067030000091070000000004008420800050
000000906400600000035002100240001000501060402000800013002100350000009008307000000
310200000000050938700004000900006400000070000002800001000900004183040000000008015
040300006009100000726000000000040900090612030002050000000000793000001200300009040
000405270000900005004020100600000710032701460047000002001030900500007000079802000
306000050000003800000058004805000020010000030020000405600910000007800000030000708
000059601900000020040820500060000009180040056400000030004018060070000002506790000
070004900800000006305690100000060004010402060400030000003049801200000007007800030
609001000005000006870500010008030009000607000100020700050008063300000900000700408
108005000030000008000100020020051084304208106580630090010002000900000030000500201
000403580800015020059080000000000930904000208086000000000020840028750003061804000
602009000007640090000000008300700800090030020005004006800000000030018700000900305
009600000006082010020400000030006904400050002802300050000003090010960300000001700
003017000060800050000302006100000900590000041002000005700408000040005030000170400
600500200030010000005900014708041000000805000000290407810009500000050020009008001
108200000000503006406000500005931000700000003000687100004000209200104000000002701
800000000000004056000020903580400000030286040000005067109060000360500000000000002
000000420000000015004275000406008500025607840001500302000869200650000000072000000
930400060000090000280607000000000036005070100820000000000702084000050000050004093
008009600000020001040008500020046070006000400080790010003500040200080000009300100
090020400000500000600093700001000002950000073800000500007940005000008000002050010
720961400060250100000000000070000001400576009900000040000000000008015070007893024
400009700009100000000004230060000500530908047004000090081200000000007900003400008
000080701800004030030200900005600028000090000260008300009007010010400002304020000
510038070000590800002000000420700900050000040001004023000000200003029000060870094
405000000000506080010093500276000004030000010800000756007620040050908000000000108
060010400403000000070000325000500201050070060106002000689000030000000607007050040
009000000700082400420090070006008005000104000500600800040010069005870004000000100
800000100004300000200000054000520047070030020310084000120000008000003500007000009
000000106000408097906001000000009710100000002045700000000100603560807000309000000
000000030800003562000090001380670020000000000050032019600050000528700003090000000
860300009007800000000040070080000790002496300036000010020050000000008900100002043
009480000080000000307001000720100005860090042400002067000600508000000020000053700
000000890004000007060904300670400150010867020032001046006309080100000600053000000
000060300009001008070500090790005010000617000060300042010002030300800400005030000
630000000001009086005002000100907360060000010083206004000500600940600700000000043
000007000006850007007000950085073000020080060000920780094000500600042300000100000
150073000008900014400000000300009050000562000020800001000000002940008600000390047
000048000000005130056000000003001002908703601100800900000000860067200000000380000
100500004580600090003200006240000010010050070090000043400006900060009025700005001
000008020000300160009720003247000800000000000001000247900015300064003000050400000
001980300380000006000003000708300000029070410000004807000700000900000062003059100
000024070100600000000000083000810094003070500410036000530000000000008001070160000
800000090400350000000004780290000100000512000005000072032600000000023007080000003
004085000820004000100000007950840070006951400010037059200000005000400038000510700
000008000010000307400003260609080030040000070030050408057900003902000040000100000
000000500030001080586090000010900302090040050703008040000010725060700090007000000
050008003800357004000000800008003409400000006902800300009000000600985007500400030
005002890940015000200300000410000003007000400800000079000006004000590017072100900
502003900000000058006520007000104700000030000008206000200057800910000000005900402
170000059004002000500006400000009004607040902400300000009800006000700500750000098
000069000800700004002000730490010800210000047008040013084000200700001005000820000
160405007274000000000000000000084090806159274040670000000000000000000735400807021
040080092107060000000009100000005240001000700025900000008100000000090308610040020
200010000058007000000500090010024030403105208060830070040006000000300450000040006
100027080052000960009000007000360800000000000005084000400000500083000710060510003
070900020000130000090025061000000508750000036403000000560340070000072000040009050
009200060000050000700063002400000530008090200071000009500870006000020000020001400
062003018000008004010000030580206000000000000000801029030000060600700000920100780
000078900300006020000000006004019830050000090037580100600000000040800009001490000
010700005503040600000060930050000310000104000038000060029050000005010702800006090
000000100300401020000720009036500004480000075700009860500017000090205007003000000
007500080500000000026340905400050029000904000750080003301062850000000002070005600
010002000350890004000700100020000900009317800008000030005003000400085069000200070
003004020405600000017000000000780040650030079040061000000000850000006907020800400
800006001000000095005200070169302004500000002200501769050008100940000000300100006
706010003100000000050804000041003200500000006009200710000501060000000007300020801
008009002300080950060200000000002000023496780000700000000008040015070006800100200
708300004040009000003002750006200000300050009000003100037600900000500030100008402
000030000000005780600207005307008691100000008598600304800506009019300000000040000
000084710000000000091703008307100000006000500000008603100207940000000000034850000
000865000008700006300000005050016098009070100810590070200000009100007800000653000
000600004830000200000023600080350000400701005000064010008290000005000028700006000
000019040000004900900830207003500400100397008007001500406053002009400000030960000
100300807780500000040000010050900100004671300001003020070000040000005071406009008
000004009030020046502900007008006000020070060000400100800009402290050030700200000
000069350000000090901800000470901600000050000009406073000002704030000000028640000
061000000300019506000450000000000958490000023852000000000093000109640005000000340
000218400030400001000050900090000670300000005067000040002070000700009080006321000
000370006000804500000050094806000021000603000940000607190030000007405000500021000
900000237204000000500008010000030670400701005057090000020600004000000702348000001
109063508000050002000200070000800090001000600030002000090004000700020000602970105
080002000900760800000030640300200900050080060009003008037090000005047003000300010
600043270000000003500070640006300902028050360403006700047090006300000000065430009
500006000009000006600040072090008700370954081006200040160030008700000100000800007
109023070040000000003010096400007009005108700600900001360050900000000010010370405
060000030000100002432060500003410000200000001000085900001050784800007000050000060
060800000007060053500007080000000290200196005059000000010600008930050400000004030
900000002070300000204900010700400005009805200600002003080004501000007030500000006
002470005450030000006800100600000000007614500000000009001005800000060012200091700
020000405000908000079150000051000800200000007003000650000081740000509000906000080
800000003006030501000000490901620000020050060000087209039000000204010300500000008
000400090000802003580000006000020100003106800001040000400000079600204000090005000
200000960000000000003498700600001090008546300020800006002715600000000000054000001
730000000008000502600090700000081300040902010007640000006020001504000900000000085
000000600000001087070630200460000002002304500100000069001093050320800000005000000
300020001200100000008043200405300000090258070000006509002510400000004003700030005
430009000000000500000502390100400050050208070040003001026301000001000000000700036
000043000090520000205000000020007306708060104906400020000000408000056030000810000
000070000035000080679005041500006009008010400700900008910700834050000190000040000
200009807700050100000100020002300700050040090007001400030002000005010004409500001
030020017000000000704900002407800003010000020600002709800001604000000000260050090
000000005708003900000069408000008004620070089300200000107940000009800106800000000
080000000005060003700002401690003070000651000050900016503200004200010500000000020
000000003050900620476030000109700000000010000000006805000020486024008070300000000
000806052470000000006100090090680000060000020000025060080003500000000036310904000
002000000060200015870050093720800000000030000000004059250040068940008070000000900
200840000639050008007000300000004190000000000052100000003000900500060782000087003
053900000089074006240030000000000090008602300010000000000040063400710920000009750
700000052680007000003000000069810200020030010001076590000000900000400071170000008
190000048003000910800040000000009083000702000320800000000090002057000400980000071
000009060067000900000001084000270895700000003592038000370100000004000570020800000
004000039017049000030600000020037006001050700700290010000001020000520670270000800
000001005000007840830024000000070021006205900250080000000140062027500000400700000
004079000000052106200000040002000030609040502070000600060000003403860000000390400
610200000002400700008006020000037090000802000050690000090100500006005100000009064
100900003000003620093070000000500071005000200270001000000060930037100000800002005
000090018570000690000300700005002087030000060790800200007003000049000071280050000
000700000030580160004001075600000290008000400021000003410300700083075040000004000
000006103060002750000040000030100004020070090600009020000050000056200030907300000
106400000700050900050900081049200000000010000000009350530001020002090008000004705
700600030080005000500200800008500007105060408900008600007001009000800020090006004
050200904900004602207000000000090703000010000502080000000000309603900007701006020
020048053043060001000000000400006000058000710000100004000000000700010590810290040
000480000100000405008009370000600900200308006003004000074900500605000003000053000
010600200070004005006008040250000000000946000000000013040300100300700090001005080
100000002007020900802703050400002000000386000000100005070605204004290800200000009
900500000013020080870000000009250001000304000400017200000000023040090610000003008
010023950000690080000008100600800200000010000007004005009400000080072000052180070
000500000700001305154000067470086200000000000009140056930000478806700009000008000
060280300000003061000007400605000010078000230010000506002600000850300000006079020
090800070000065004000007003910000240002090300038000069400200000800710000050009020
800900076000605001000030000030009500002000800001700030000070000600208000470003005
000031004601200007000600000040000053070406020590000070000008000300004109400920000
500002014080000003001070000000403006000050000700901000000020600900000080840300005
000000000000001750600400189020008010000923000030700060573006004041200000000000000
350200906000000030007001004060010008000936000400050060600100500040000000509003047
670000000008000004001600300090520408500010003306047010009008100800000500000000037
201000000000000400057060010000350802070826030302019000010070950004000000000000601
100030700020800000006590042200000004400302007800000006530029400000008060001040008
800009004000200060000000318365070000000010000000040657679000000050004000400100003
000004600470900580006300000000009206960000048108400000000002700092003065007600000
000010500000600000051080602006800200800040001003007900905070840000003000004050000
000000127040050090000200008004508009100030005800409200600004000070080010531000000
000000360106039008000200019841000000000472000000000645760001000300790806094000000
069250000700000000005703100603000000800601009000000604007504800000000002000029730
001450000800007040070000000080300900500706003006001080000000010060900008000032500
501200000004830200000004009015000002060070090900000410600400000008025900000003804
501860020280100700009000050000004000010020060000900000030000400006008075070092601
000001920030070000200500030408700010010060040060004502050006001000080060081900000
050009700100000000000052061000900307008000400603001000580740000000000005007100090
900002800006000000340008010809030000050804090000070208070100025000000600001200003
080000002500000100000860350650030710000000000097080035073052000009000007100000060
500107004000040000830002060100000200020671050003000006070500092000090000200703001
004100070005003009060900004200000060040080090010000005800007010600200500030009700
000010040007003502300005069086000000500070006000000980620500008805200400040090000
504709200020000300000000010030100008058070620400005030040000000001000090009806102
015700040900300000000002610009000001047020930600000400063500000000003004050008360
500030070000000008819700000000600500307000402006003000000008741400000000020060003
009068004000009000086300000003007002760090058100800300000001680000900000300740900
000000020000001409000540108800003067090604080350200004609035000205100000010000000
093004008120030000006000100500810300000402000007065004005000200000040081300200490
024900067000000000159006000240010000700209005000060048000600523000000000560002870
000000010000680502005400780800090600070000090004010005058003100401059000030000000
001003802240000000006020070050089000003000100000340050010070900000000017905600200
100000400009560300860400050004090000000726000000050100030008091008049200006000007
020000009100300024009700006070600000600804002000007010900008300480006001200000040
400060050053000008980005040190700000004000100000004029070900012800000460040080007
000001006035000020600540070860000000407020301000000064090054002010000640200600000
030690000509400000006008109900760030000000000060023007705300800000001905000056070
002006480300000000004001006085010700020903040003080960200300600000000002056400100
819000000630400020005800000000048000790206084000390000000001600060004019000000843
578000004000900080403050700650000000000206000000000036004090801080004000200000943
005604301600000040020100800070800009009010500100009080006008010090000004701502600
200600000890250607000000040910400705540080023302001084080000000703049016000005008
000070000026008710500400062097500006000000000800007490710002004063800270000010000
600891700001370000000000006704950060800000005050048207400000000000063900003514008
001005600020490000008000000000050830030804070049010000000000700000043050006900300
360100000700008000020000705009004200050020090002600300503000060000800003000006071
005302000000000100000500097006204050380060041040701600230009000008000000000108900
503070000600400010048200007300049000001000600000130002200004830030007005000060204
270560000060900100900140067603010005000000000400090801130024008002009010000051023
160090040000700002900405000000000801030604050708000000000903005500002000020050073
063820000000000000050104003806000035020000070710000406400608050000000000000031790
005420000400008570200009800520000000070000090000000065002700006039800007000061300
009080604004700901000900030005460002000000000900072400040007000306004100102050800
000200800000001002270003059008300010002154600040006200380400091400700000007008000
200060183180007900060000000006105000000080000000902400000000040009200057412050009
010006300700000100020850006000084270000000000049510000600039040002000007008100060
057640000001000080300009005605904000080050040000106502700500009090000200000097160
020004007000920000050001600860090071000000000140030065001500080000042000500800030
002000904007600000000091060020009650000010000058200070040380000000004500205000100
000000100000004270451090008060500800000923000002008090100080726024700000008000000
020007000850000000004853000690200003030010060700005089000586200000000038000900040
900840032008009007700300000006000001070080040300000200000005006600900100890071005
020030005306700000970000000008400003090175040100003600000000082000008904800020010
000000075000870100000065024020000017800427006360000080780940000002013000430000000
000000080000006001030407269070001504400030007503700010814905070600100000050000000
800509600006030008000000910000400001703000402200005000087000000100050200002108007
060700004070504800500020000000000105340000076105000000000030008006408050800006090
500001700038000500000007082000700260000010000069002000190800000004000920005300004
000009801900000000008200670030600400004198700002004010056001200000000004407500000
000000000000001543530047010006002380020050060058100400040710052781900000000000000
908070500060000009004903086000004050000000000090100000310407900700000060009060104
000090300060504001940001000200400600090602050005003004000800037500109060009060000
360019080000200000009080300032900000500000004000005610001060700000004000020890035
100900030000008100065010704003000060900000008010000500506040920004500000070006005
070009000000400021052800090000500070087963150060008000090005710810004000000100080
004000000070003900620750034040097306000000000703840020930025017002100090000000200
580030200009100000410000070930028040000000000060340097090000018000003700002080036
000780650020309480680000030000007000003050800000400000090070046036102070075043000
000003000040080207092000300085007009010030050600500470008000920206070040000600000
850020009000000180000003006497600000000080000000005943300900000061000000900050012
604500000000300892080000000050906000700080009000701040000000080871003000000002401
004807020027090006300400000865000000000000000000000594000004009400020310090501200
009070020043009080800000000090100000050893010000005040000000006020500890070030200
912000000600000000075890000000001945000967000139500000000049260000000009000000513
000853000017000000800000020030001270701000908029400030070000002000000610000194000
000000860030001007804900050602004000000090000000500103070002905200700010089000000
600000050051300000009020680800073010000040000040560002062090400000007320070000008
000005700000090380006000051000040290005913600079060000480000100063070000001800000
095280000000700000417000000070000002320050098500000030000000356000008000000093780
107600000860000000009084000000540800470010092008039000000460700000000083000002106
800900300000060002009003078040001000300020004000600050730500800200080000001004005
790060050000805000003200070140000000065030790000000064010007500000601000050020019
081400300496070000000001000058200607000000000709006450000100000000050268003002910
005040000009601040000900060423000009000020000800000652070008000090103800000060300
407201003000090000069078000240000000006010500000000067000180940000060000600705201
900080300020903000000000400000100094400602001280004000006000000000709010005040002
000930000009060002800007001178000005060000020900000184200600009500040600000098000
600000000084500000090807502008600700010904020005001300409208010000009280000000003
160009000000030008000000291500004700004080600006900005713000000800070000000500037
002000000030190200600820074048000002000050000900000160470086009006035040000000600
600000000301095402800000300000709500008030200007504000006000001405210903000000004
000000059000107800800030020087200000400060003000003710030050001005801000940000000
090364000008950067006000000001000095800030001920000300000000500170045800000273010
300090001021300500000700000089000000570000063000000850000002000007001480100040006
001680007057000006080040000020008000800405009000900040000030070100000930700054200
402003100036400000070050000300574000700000005000162008000030080000005640003600701
000020980000900004040005000004006071500000003360800200000500010600007000028090000
607080030020003000300005040000006500406000803001500000040100006000200090090060104
039051680006009000002030000000300700600000009008002000000060500000700300057420910
410720000200050018300000000005006000100275006000400700000000007840060005000043091
500000000000003020010020076004095700058010490001360500360050010020100000000000007
003570020008000470007006010200160000000000000000084006070200300082000700010057900
615000000000002300007980000003000006068297530900000800000059700004600000000000648
070000390005700010000063807027080900300000008008030520403820000050001400089000060
000007500002050064041008000000001750600000003097800000000500390250040600003700000
000050200810009000070004060040090002007503400100070050030100020000900075002040000
000201300030000001004530002006002074500000008420700600200043900900000010008609000
700000300100500070000093056000004005405387609800600000510870000080009001004000008
500000263010200000000000070001062000026178940000940100050000000000009080832000004
072080930000000040004003006100065000007020300000430007500300100040000000021070850
000069070300000106006001540000250000002604300000083000093400600201000004060170000
000800000000002300000075480507090240060080090038040601075320000006700000000008000
040003720000870300030006005090000652200000004754000090400700030009012000073600080
000005400008000067000810253000004620900020001082600000829057000740000500005300000
040020100000601050002070030000000503300902008708000000030060700060804000001030060
030070000700059100500100037927000500000000000003000821160002009009630008000040010
007000000300006004500300097806000000014507360000000208480001005900200003000000900
060200100000008460000010009029080034408070906630050820900020000076500000002007040
008003000020600007000170058100300000090805010000002003510084000600001020000900100
510006000042105006000200000067800000800020007000003940000002000300408790000300051
000700000050006093001000620810060904000000000905030078079000300420900080000001000
908006100400280600000001000089000002006000400500000870000700000003028004001600907
050307020002015300000006080000000809025000470408000000080600000001790500030402060
209380000000010798000000000500001007030000010400900002000000000312070000000094801
000008670068000030900006500500000400049503860001000005007800006050000380093200000
000581004104003000000040030430100200070000050008009063040010000000900802200856000
701435000900001000050070000004002090300000004070600500000050010000800005000167802
090003607000500000800702003600900300010020070004005006200407005000009000301600090
409000000081203000000000803010047020002030100070810090503000000000608930000000407
004002600706030890300008000003001006080060070600300100000200001062010509008500400
000034080000805210008200003030000000905070306000000050300002400062401000090380000
051890400000005970600030000006000028000000000480000500000080009092600000008052160
100000000064008250008090000009280060800010005030057800000020600042700130000000007
000004130000900005095300480520000000070020050000000073042006810600003000058100000
000000000390057860270608090500072040040000070060480009020805017083710056000000000
000000008800705094000800730003070016070000040420060300048001000760904003900000000
000040000000670095300001060003000059260030074570000600080900006940056000000010000
040600000300080005120000000085700030001060400030001720000000084800050003000002060
501960200083010040000000000300700000604030702000001009000000000030070890002056107
000530006050600080300000002007210508008050700105079200400000005010005090500094000
012070400009042003000000080200500000004789600000004001060000000700830900008050310
000000680000104009000580200087002045004000800320700190006027000200905000098000000
028009000000050000000000038047300006680715029500004170750000000000040000000100790
000000405000030280000500103800900004020163050100008007308007000045010000207000000
000098062730000084000400007300070090600000005040060001400001000950000018170820000
000300010000060523040000000085010000009527800000080150000000060762040000010008000
004000210300000000010009704041300008000010000200004390903200060000000009062000800
200901038000000000060482000070809304300000002408307090000593020000000000830204009
000006400020758001090000058008640030000000000060072800650000080700584010001300000
108340000054600030630900000000000904000805000507000000000004082040003690000019703
000001305070400010000000064001036402050209030208140900510000000060003040302900000
001070003090080020000403000062500039300000005540002670000701000030050080700060900
001086400978002650000007000080000009000491000100000030000700000036200587007860200
000008002000100760006400001400890600300000009008056003100007800089002000700300000
310970000024830009009100000130000900400000006007000028000005600800063790000019085
000180006003706900000000007670000500004653700005000012200000000001305400500091000
310000000000907016000010209076002000000050000000600140207040000180309000000000025
000000050000264100000000249900030020208090401060010005349000000001629000020000000
001000000000754800720008000060002008070609030300400020000900085008341000000000900
010009070400015900609000000370000000905030702000000013000000607008970001090300040
035120400800000030024000000002074001070506020400910700000000370080000002003065180
400000100580004009030800050105003000000265000000400502060008010200700063004000008
070509003900470500000000000705600100020030060001005704000000000003048009500201070
000036005006700000900001867098500000200070009000008130852900003000005200400380000
000070025071008600600000010000900037005020100910004000090000001004300870850010000
900008000000000405010902070020001900045709860003800050080305020402000000000200009
001067305800409000000000000780010000026000840000020097000000000000103004502870900
010300400000004076070009800000005041001000700340600000008700050620500000009001080
100400700060000002005710060000007200800106005009300000050073800900000070002001003
000002007600300025000010890000000009059601730100000000023060000480007002500800000
020030000650007042003002060030060400400000006001080050010500900570900034000040070
080700029039000650610000000000670000900154003000039000000000085095000730820007090
000000008030802074900400060045230000000000000000059420020006003390708050400000000
030900000008000006700030020090008005100279004800300090040060009600000700000002010
000130000002090006007002008300009800071080320006300004800500900700040100000078000
710040002002007800430200090307905000000000000000608309070001026003700400800060037
000700830090450100000000057200000300046000720009000001950000000001064080063001000
900003600000001072005060901092500400000000000006002750507010300840300000003800007
062000004000065100500000090000010720090703060025080000040000009007390000900000310
050870000400000000006030508700000046001502800830000002907050600000000007000017080
050019040081600073900802050079000000000000000000000230010203007420008310090140020
000060380001000000005001209108520030000010000070086104609300500000000800037050000
000009008017200900000030017025000000060405090000000730270060000001007860800100000
000003206060000075000005000002078100600090004003150800000500000980000040207800000
001740300070901000200030007060007000003000700000300040700060009000209010008015200
100000000089006500600057009070000030006408700090000080700190006003600470000000008
089100005703500090000000000070890002030201070500036080000000000020007104100002850
008200160100005000000961000041000709029000630305000210000843000000500001057009300
300002504900010260002000000000000807020040030105000000000000900047080006801600003
368400000200700000050000020030800900016050870005003040080000010000002007000007384
697100040100000000058024000006072090000000000020910600000750960000000005070009132
002008400009710800000009030013420080000000000090061270020100000001095700008300600
010400670607803900400007001800004000000020000000300004500200006002605309063008050
000000460100003050007004108300000020009805700070000001901600800080500006046000000
030008750900006400000500000000800006002409800600003000000004000008700001041900030
009017800804000010000300600050800230000060000081005040008004000010000402007290500
029006007400007030050040000000000081072080690860000000000070040010400005600300870
000001400010620008800500203500000800108000702004000001701006004200078090005400000
008001300000040090000093062700300006030060040600008003940250000050080000007900400
800000900061040000074002001020807000006351800000204060600400730000070140007000008
020000009006090842500002060000035000300426001000710000080200006963050200400000030
020170040001000000007540060000760085002000600560013000030095100000000400090031050
200100860000800075000005042000000407050901020302000000960500000530007000021003004
849000002051028000000100000907000060000301000060000804000002000000570240300000576
000200009700000600609805000900020800060010030003050006000604903007000004500002000
080009200500070000069000503001005040000107000040300900805000790000050008003700060
004020000026000100009471605000003050900000006010800000403165200002000530000030400
006300005090008004280640000100000490004000500039000001000023056900400020600005900
010002089300500700040000205039710000000000000000024950408000060003005008120600090
702890030519700000000000009008000000270010083000000500100000000000007846080054902
000580000000029810000000506470060008009000600800090032301000000065170000000058000
000000000700005280130070050260700003000060000500003042050010039074900006000000000
000290050004001900200400003000000740068724310072000000300005001005800600010042000
002705080000100023007300009605000000020080090000000206200003800170004000090802400
003200000000083954070050000106000070000806000050000601000030040648920000000004800
470000620000000009102300000000020984800109006749080000000002401500000000061000097
920000000510039004004050000007810090200070001050093600000040500800620043000000016
800006092060000500702008041600000200000725000007000009570300406004000020920800007
054030000090047006000100000043000007006203100700000360000004000400890020000020850
090030500800900002062070000000850000420367051000094000000010690700009003003080070
000020615000800040000007000004005006210000093700400100000500000070003000691080000
400007600002409580805000000900000030000806000050000008000000701019705800004200005
020700060006010080300000700090005407000060000204100050008000002030080900060009010
000009000001050830002381004016000000800694001000000360200543100043010500000700000
004600020087000009120300000001409070200000008040802300000003012400000780070001400
000000000810005200300804950460030508000000000703020049041702003009600027000000000
107500000000000010096048700600000297000000000325000004004390870080000000000001405
507460100038910200000030000000000706060000030409000000000080000005094670006027908
023007860000602004000500930007001000080000040000900600058004000300809000049300170
300607000004013000700000800020000089500986002910000070002000008000450700000108003
000820405028003600300001000000007002070134080600200000000700003009300250507092000
750000060300105840040600005003060000000258000000090100900002080028507003030000024
000003601806210000000007020000008190280000034041900000060300000000024905104800000
005209000010000900860410000000005012000030000570800000000051084004000060000906500
000001030703000900000080607009008006407060509100700800902010000001000708050600000
080400000010020000004971608050000286800000001641000090208396500000080060000007030
000030008000579030073280500000700009006010800100005000007023480030194000600050000
902073504760000201000002000470000000006000300000000098000700000308000027107290403
000070000700005009935040006002000070601000402080000600800090527300600008000010000
001090020030006017000008000009000380000010000084000500000500000960300070070020400
100000005006020700070068030090042000000000000000690080030910040002030600500000007
081000000006031020304000000200100890800402003069007002000000306030940200000000780
050700001020000400004090300030009605005000100906800030003040900002000010700006020
000000650030045000007080001062090007040000060700010930300060400000870010018000000
000000060040700532062900700005100006000040000800006900006007350471003020050000000
000064090005090000000008425300000070028417350050000001792300000000040700080670000
000700600700140098004000000102005040000000000030800106000000200680013007001008000
170000060605900008400701000000009300200070004003800000000107003800003901010000082
000002090018300000040060000002406800600050007004201900000090030000008670050700000
000206409000014080500000200300000098000192000140000006003000004080540000407309000
009360270820940000005000000500002030000000000030800001000000800000021064016083900
600300000038100007007095600090230070000000000010078090004620700700001320000003008
005000900096001000402800050030902007000070000700603020020006508000400690004000200
090002000006109000050460900010003602800207004204900050001024060000301400000600030
010000007380000600000051390860024900000000000004780065048170000001000089200000040
050100000006903000840000070600090200300267009002080004030000098000802600000009050
053067000007400000000003670009800060700050001010009200046300000000001800000980540
000008700100000060300500904080460000006070100000085030501009006030000002002600000
000007318000100700030000009063500000802603501000009230300000040007006000618700000
000048200508060000020700080700000040096481570080000009040006030000070805005120000
000000300300081520000600017100806073000090000860307004230008000048910002006000000
003710006651080000000009000000046007086000490100970000000200000000090528200051900
102000000057091000060500000200004700405139602008200009000002050000970320000000407
000080500000070002005009640090004100510000086006100050081200300400060000009030000
092030001000000800000002307209310006080000040300067205906200000004000000500090670
097004300002715000800000000500000010009276800080000006000000003000562700004300520
900200300040000006300809150000007000010358070000600000075402009200000010003006008
600500089208006040000000000000420090900010003050069000000000000030800601560003004
307006000060400000050093010980100062000000000210007094020350080000001030000600105
500200630407900050600004000009000000000342000000000100000700002060009307082001005
000038500600000070000900081470300009000742000300009014160005000090000008003270000
047200563900670000060000000000065900000801000008390000000000020000046001156002340
708004020000000400500009010100900080004020300020005004080600003007000000010400507
310020006000070000702008000006700005930040061100003400000900802000030000400080059
052007810800000002070008540340000000001020400000000037017900020600000004098500370
002305040000000300048000005400790086000060000780034009800000690007000000020407800
400090510700086400060000000030001008000070000500800020000000030008720009095010004
500690000070800005006020400003000008020030040900000100008070300700003010000054006
000000089000007405000068020005720900020050040004019300030470000708200000140000000
010000087090005000000007402900030100070501040008020003407300000000600010860000030
600090803000806904000000062000053000450060029000420000730000000904207000506030008
000000000021004600500030709002490001800000005400053200205070004009600180000000000
000908001935010000006230000490000200200000003007000095000042300000080764100603000
000001020000700481000040003009500002740020036500004800100030000674008000090400000
009005073700003050030680000500000040008000600060000002000049080020100004850700100
006780040020100500000040820100208400000000000008407009057010000001005060090074100
005083006000070030043009000000000072031000890470000000000500260020030000900860500
005069400000300000090010608009030050603000209040070100307050010000007000001690700
050000900030950100200004000080300049005846300420007080000400005001083060002000090
301000000074090000002530000000008705010703090507200000000025900000010680000000203
080700000000058000700023590410000000002304700000000084063140002000280000000005060
000056000003000005580004060390000806001000300206000041070200019100000200000610000
020056080809030040500009000200000700080090060005000003000100004030040106010620030
918300000006000003325600004600100500000090000003005007700001340800000200000003871
900006000675000000000840000048067090300090004090430710000051000000000952000600003
004700050307000009960130000001000002000514000600000500000048031400000908020009600
300801500050000600000340009000700280010000060089003000900032000001000090003908007
600000420000003605040600109750400000000000000000009041206004030801500000035000006
000390400000000005007508100400001390800040002015900004001203700600000000004019000
006509070000080000300000902000405200890000061002908000103000007000090000020601500
800030400000000030003406100037060801000000000109040350008207500040000000002010007
000007005009006204020009160000000002004050600700000000092700080301200500400600000
400000006007300400050010800970250030000000000060093084009020060002006100800000007
300760904000200007000008310090010700700000006003070020081400000600007000904023001
000001026060073000000000001081009670000000000037100950300000000000450090640900000
700030000300004010000791400000370002050000060900045000006917000030400007000020001
007000506543080907000500000000200003076000240200009000000005000805090674409000100
502300000000001050460000001000078400006439100004120000700000063090600000000003508
206000005700006200000030070080360100030829050002015090060050000004600009500000401
907210006000000003000006020010004060008070500020900080090800000400000000800037201
051680040830000000200000600600004090007010500090500003003000002000000056020076130
000007005340050706000840010000013004050604090700980000080031000105090048900400000
001805000000090080700064005208000001050020030600000207800950006020070000000308500
004053009902060005000000400300009540460000017079500003007000000600030704500190200
030100009006000000040930860053200000009010400000009620071065090000000700400007010
000000008300200004070500610009400080040602070080003200052004060800001007100000000
906400003700002950100000000000600020602070805070004000000000001039100002800009504
500600084801200000090800000080000500270030046004000020000001070000007902740006003
300000000002780000040009506500000010091040350020000004905600040000013700000000008
006504000800010000094870000000000380500060002071000000000025810000090006000407500
301000400006000000470032008004065000010020090000190300200640053000000800005000706
100090040004807603000300000065700009002060300300002560000003000803106400020050001
002760400070800029000000000300027000025040970000650008000000000840005010001036800
416000082030005000700000060070004005003050200600300070060000008000800030390000421
300020100000000040006080529000800002090502080100007000562040900010000000003090006
074000020000300000860002400305700092000020000720004508002400061000006000030000940
000000030000201500050930060900002150300000007018700006040023070007805000020000000
000008300940500018000040500020001700700000001009600020002060000860009047005700000
700000065000007001300006408000650700030020050007031000208100007600200000490000002
901070008020030050008501009210000000000709000000000083400302800090010040100050907
070080000400002010060003702300000900650020043007000005503400090080200001000050080
008194030000000000047530000009002060500010004070400900000059280000000000050641300
100074002000120600000009400000200500740090036001003000005900000008016000900780004
602000003004170000050060020100000090005729800090000002040030050000015300500000109
630900007007052000000000002100003200049000570006500003900000000000680400200005068
000000800600009070000034502100790280060010090089023005801940000050300001006000000
100090000800001000705200090003400000064080370000007600010003207000900005000010003
000006007012080000700500014804000700920000086007000905530008002000090360600300000
100000004027000058600402000043907000000050000000204790000305001910000320300000007
000090000600708050413005000008000015001453200250000600000900826020506003000020000
005900003608300700000040000010000509007159600209000070000030000002004905500007800
601000000700040136000006080000534600000020000005671000040200000326080005000000403
050921064000000000000075800905030006060000020300010507009650000000000000540189030
607503090090800200400000085000000900000642000001000000540000009006009030070105408
900000000000304820008000015200580070000401000040072003520000600061207000000000002
500000060000038700067400130100050000070000080000040006012007450004560000080000003
000504027300008000050300800590000600006000200007000085004001030000400006230906000
000000000069120085450960000040000007081000350200000010000014073710038540000000000
105000000008900370003020090000000020900456003080000000050080200064002100000000704
000008945700023000000004070509000000100406002000000806030800000000360004256100000
049587130001304900000090000000000078700000004950000000000010000008703400093248750
740000000000020010031940000000006042604070501120300000000038720010060000000000084
040080900006900001580700000000160300200000007001078000000009034900006500005020010
090008003000100008000049610010004080004000300070500090048310000500002000100900070
050700000700060903401080000000000410004090200025000000000070601907010004000005080
010008900085390120020050000001000060500706003060000800000040090056079310009500080
700800060080000043062015000109004080000000000030600405000120850420000010010009007
057304006090000040000002005001003052030000010270400300100700000080000070700609480
062040009100000040040260030630000000000826000000000087010032060050000003400070150
000619430000000007000072069000000890690000042034000000450190000100000000023745000
840720000009043000000000009300600200960000017005008004400000000000290100000057026
000006040502900300000000980800000090309040501050000004087000000005001708010300000
000000000060008107700004080023140005050207030400065920090400006302700040000000000
270100000090005002045020070020000004006503900300000050030050290100700040000004018
030000904900000010000400783000029100000376000009810000397008000020000006504000090
690150002010320908200000000020540009100000007500081020000000005902035040800069073
000004059350900000000310607800020000020703090000050004208037000000008043630400000
096000000800160000020005001002040090074653210060020400200500060000038002000000130
300000740006390005000004000010078060000203000020950010000700000600039400095000008
000000050000030410008450203004002100200000009005700600301098700046010000050000000
700002000000000310003409028509008000030000060000600904910304800047000000000900007
200060104006002030407800200000073000070000060000680000001008705020500400804010003
000005806000208090400900021500000040006040700010000008960004003040102000108300000
000010064600000000004902000006380500100000008005046200000207800000000001280030000
007000360005007020280030000000001040052308610010900000000020075060100200028000100
010095000072400900040370000007000003080000060900000200000013050008007120000960070
520400000004100007006570040910000000008000600000000032040015800700003900000004053
000300070030204008802000000040000002205187309700000080000000406900803050070009000
900086003015000000003450000000008410420070089098600000000019800000000270800230005
000000100000900046020450900050004760080305090074200080007098020840001000002000000
800000000304602010017580000032700000009030800000009350000096240060107905000000006
000003000003061980810000005250000000001080300000000071700000046089410500000300000
000090200000003716007006049300700002400080003600009004210300900793100000004070000
560120000070803000002000000006000075700306009380000200000000400000608010000092068
200000000017050000504260007109870300000406000008012509400021805000080230000000001
090006840000080005058300010000500060002104700040009000070002130600010000019600080
000900086060003250008010000000090005081402690200060000000030800014700060690004000
700050000010000069080070105056210000000000000000097350209060010130000020000080003
000072036287000000000100000060007002003265400700900060000003000000000248690520000
004752000000060190000900002810000270900000006073000014500004000027030000000587400
008000003306200009091004700002790000000102000000046200005400980200003501700000600
000006370000700050003500001000800007310070094600009000700001900060002000085400000
027400890980600004000000007004501000000020000000703900300000000200007015096004780
001704008070010000200000601305600000000000000000008409802000006000030090500901200
071002000900135000500000000007040120030807090095060700000000009000214007000900310
000003406100060023600490000000007100012000730004300000000076002970050008201900000
000000007007008290020001046008620010090050020040079600370200080082400900100000000
205000000009600000060050800080074105050000030104360020001030040000001500000000206
006050090000000050005102780200500040960000013050003007043708900010000000020030400
100900040900600087080500090000001000005308400000200000020009070870003002030006009
680700001000000000010058409006025000500846003000370600305960020000000000100007046
000060400500907803100005007010000904000000000608000030300600005409703006005080000
000070090017096800920005000000000910050000030043000000000400025005980670070060000
000004003000080050000700162006870001091000620300026800165007000070060000200500000
809000000020700005004081000000890000507040302000075000000310500600004070000000803
006000001030690740420000000089170060000000000040086290000000024054068070700000800
010609000960000010000210050000002064600000001380700000050073000040000095000804070